./ba2D3DboxType1 7 10.000000 /tmp/tpbe0a4e02_2ccd_4717_8fba_1745f54240a6.txt /tmp/tpbe0a4e02_2ccd_4717_8fba_1745f54240a6.txt
Ba2D3D bundle adjuster in 2D and 3D. Writen by Jianxiong Xiao.
Usage: EXE mode(1,2,3,5) w3Dv2D input_file_name output_file_name
Parameters: mode=7 w3Dv2D=10	Meta Info: nCam=15 nPts=15000 nObs=15000 nObjects=0	Camera Intrinsic: fx=718.856 fy=718.856 px=607.193 py=185.216	
iter      cost      cost_change  |gradient|   |step|    tr_ratio  tr_radius  ls_iter  iter_time  total_time
   0  7.744035e+06    0.00e+00    3.14e+06   0.00e+00   0.00e+00  1.00e+04       0    1.21e+02    1.22e+02
   1  9.092863e+05    6.83e+06    3.03e+06   8.23e+01   8.91e-01  1.92e+04       1    1.21e+02    2.43e+02
   2  4.256660e+04    8.67e+05    1.49e+05   2.26e+01   9.91e-01  5.75e+04       1    1.29e+02    3.72e+02
   3  3.333236e+04    9.23e+03    1.20e+04   1.45e+01   9.75e-01  1.72e+05       1    1.19e+02    4.91e+02
   4  3.315274e+04    1.80e+02    1.77e+02   1.97e+00   1.03e+00  5.17e+05       1    1.20e+02    6.11e+02
   5  3.314870e+04    4.04e+00    5.01e+01   3.90e-01   1.04e+00  1.55e+06       1    1.19e+02    7.30e+02
   6  3.314854e+04    1.62e-01    6.02e+00   7.82e-02   9.80e-01  4.66e+06       1    1.19e+02    8.49e+02
Ceres Solver Report: Iterations: 6, Initial cost: 7.744035e+06, Final cost: 3.314854e+04, Termination: CONVERGENCE
15 15000 C vbalues0x7ffff70c2c20 0.000628613

cameraRtW2C(:,:,1) =

    0.9985   -0.0128   -0.0540    0.8064
    0.0125    0.9999   -0.0068   -0.2903
    0.0541    0.0061    0.9985    1.6081


cameraRtW2C(:,:,2) =

    0.9987   -0.0124   -0.0504    1.2414
    0.0121    0.9999   -0.0062   -0.1002
    0.0505    0.0056    0.9987    1.1215


cameraRtW2C(:,:,3) =

    0.9987   -0.0022    0.0508   -0.0985
    0.0025    1.0000   -0.0050    0.0832
   -0.0508    0.0051    0.9987    0.6624


cameraRtW2C(:,:,4) =

    0.9987   -0.0028    0.0508    0.3980
    0.0029    1.0000   -0.0027    0.2398
   -0.0508    0.0028    0.9987    0.1796


cameraRtW2C(:,:,5) =

    0.9987   -0.0024    0.0511    0.8925
    0.0025    1.0000   -0.0025    0.4357
   -0.0511    0.0026    0.9987   -0.3128


cameraRtW2C(:,:,6) =

    0.9987   -0.0024    0.0513    1.3836
    0.0023    1.0000    0.0002    0.5843
   -0.0513   -0.0001    0.9987   -0.8205


cameraRtW2C(:,:,7) =

    0.9987   -0.0017    0.0512    1.8750
    0.0017    1.0000    0.0016    0.7565
   -0.0512   -0.0015    0.9987   -1.3582


cameraRtW2C(:,:,8) =

    0.9986   -0.0020    0.0519    2.3621
    0.0017    1.0000    0.0044    0.9059
   -0.0519   -0.0043    0.9986   -1.8342


cameraRtW2C(:,:,9) =

    0.9987   -0.0019    0.0508    2.8708
    0.0015    1.0000    0.0081    1.0341
   -0.0508   -0.0080    0.9987   -2.3523


cameraRtW2C(:,:,10) =

    0.9987   -0.0018    0.0517    3.3454
    0.0013    0.9999    0.0099    1.1993
   -0.0517   -0.0098    0.9986   -2.8512


cameraRtW2C(:,:,11) =

    0.9986   -0.0016    0.0524    3.8290
    0.0009    0.9999    0.0150    1.3090
   -0.0524   -0.0149    0.9985   -3.3310


cameraRtW2C(:,:,12) =

    0.9986   -0.0017    0.0533    4.3071
    0.0007    0.9998    0.0195    1.4266
   -0.0533   -0.0194    0.9984   -3.8165


cameraRtW2C(:,:,13) =

    0.9985   -0.0019    0.0539    4.7863
    0.0006    0.9997    0.0238    1.5471
   -0.0540   -0.0237    0.9983   -4.3102


cameraRtW2C(:,:,14) =

    0.9985   -0.0018    0.0549    5.2798
    0.0001    0.9996    0.0298    1.6425
   -0.0549   -0.0298    0.9980   -4.7651


cameraRtW2C(:,:,15) =

    0.9984   -0.0023    0.0563    5.7666
    0.0003    0.9994    0.0355    1.7475
   -0.0563   -0.0354    0.9978   -5.2189


error =

   3.9697e+04

./ba2D3DboxType1 7 10.000000 /tmp/tp45b12af6_861d_496d_bd96_35d54fe64a2b.txt /tmp/tp45b12af6_861d_496d_bd96_35d54fe64a2b.txt
Ba2D3D bundle adjuster in 2D and 3D. Writen by Jianxiong Xiao.
Usage: EXE mode(1,2,3,5) w3Dv2D input_file_name output_file_name
Parameters: mode=7 w3Dv2D=10	Meta Info: nCam=15 nPts=15000 nObs=15000 nObjects=0	Camera Intrinsic: fx=718.856 fy=718.856 px=607.193 py=185.216	
iter      cost      cost_change  |gradient|   |step|    tr_ratio  tr_radius  ls_iter  iter_time  total_time
   0  7.354238e+06    0.00e+00    3.11e+06   0.00e+00   0.00e+00  1.00e+04       0    1.19e+02    1.20e+02
   1  9.508556e+05    6.40e+06    3.19e+06   7.65e+01   8.79e-01  1.78e+04       1    1.21e+02    2.41e+02
   2  4.434801e+04    9.07e+05    1.56e+05   2.22e+01   9.89e-01  5.33e+04       1    1.26e+02    3.66e+02
   3  3.221519e+04    1.21e+04    1.58e+04   1.58e+01   9.53e-01  1.60e+05       1    1.22e+02    4.88e+02
   4  3.183121e+04    3.84e+02    2.92e+02   3.66e+00   9.30e-01  4.42e+05       1    1.20e+02    6.08e+02
   5  3.182478e+04    6.43e+00    3.56e+01   5.54e-01   9.26e-01  1.16e+06       1    1.20e+02    7.28e+02
   6  3.182452e+04    2.56e-01    9.90e+00   1.32e-01   8.23e-01  1.58e+06       1    1.20e+02    8.48e+02
Ceres Solver Report: Iterations: 6, Initial cost: 7.354238e+06, Final cost: 3.182452e+04, Termination: CONVERGENCE
15 15000 C vbalues0x7fffd4c66040 6.84553e-06

cameraRtW2C(:,:,1) =

    0.9989   -0.0336   -0.0328    0.5363
    0.0335    0.9994   -0.0038   -0.3475
    0.0329    0.0027    0.9995    1.4615


cameraRtW2C(:,:,2) =

    0.9990   -0.0342   -0.0272    0.9312
    0.0341    0.9994   -0.0027   -0.1676
    0.0272    0.0018    0.9996    0.9361


cameraRtW2C(:,:,3) =

    0.9963   -0.0310    0.0802   -0.5350
    0.0313    0.9995   -0.0027    0.0330
   -0.0801    0.0052    0.9968    0.5391


cameraRtW2C(:,:,4) =

    0.9964   -0.0299    0.0795   -0.0290
    0.0300    0.9996    0.0004    0.1751
   -0.0795    0.0020    0.9968    0.0357


cameraRtW2C(:,:,5) =

    0.9963   -0.0305    0.0800    0.4527
    0.0304    0.9995    0.0021    0.3409
   -0.0800    0.0004    0.9968   -0.5019


cameraRtW2C(:,:,6) =

    0.9963   -0.0302    0.0801    0.9438
    0.0299    0.9995    0.0041    0.5011
   -0.0802   -0.0017    0.9968   -0.9969


cameraRtW2C(:,:,7) =

    0.9963   -0.0309    0.0800    1.4381
    0.0304    0.9995    0.0067    0.6497
   -0.0802   -0.0043    0.9968   -1.5047


cameraRtW2C(:,:,8) =

    0.9963   -0.0310    0.0802    1.9342
    0.0303    0.9995    0.0096    0.7964
   -0.0805   -0.0071    0.9967   -1.9788


cameraRtW2C(:,:,9) =

    0.9963   -0.0308    0.0801    2.4248
    0.0299    0.9995    0.0132    0.9274
   -0.0805   -0.0108    0.9967   -2.4850


cameraRtW2C(:,:,10) =

    0.9963   -0.0310    0.0804    2.9210
    0.0298    0.9994    0.0165    1.0672
   -0.0809   -0.0141    0.9966   -2.9513


cameraRtW2C(:,:,11) =

    0.9962   -0.0309    0.0811    3.3889
    0.0294    0.9994    0.0198    1.2010
   -0.0817   -0.0173    0.9965   -3.4780


cameraRtW2C(:,:,12) =

    0.9962   -0.0303    0.0818    3.8704
    0.0284    0.9993    0.0236    1.3300
   -0.0825   -0.0212    0.9964   -3.9561


cameraRtW2C(:,:,13) =

    0.9961   -0.0305    0.0825    4.3739
    0.0283    0.9992    0.0277    1.4607
   -0.0833   -0.0252    0.9962   -4.3976


cameraRtW2C(:,:,14) =

    0.9960   -0.0310    0.0832    4.8568
    0.0284    0.9990    0.0332    1.5601
   -0.0842   -0.0307    0.9960   -4.8751


cameraRtW2C(:,:,15) =

    0.9959   -0.0310    0.0847    5.3448
    0.0279    0.9989    0.0371    1.6949
   -0.0858   -0.0346    0.9957   -5.3248


error =

  853.7355

./ba2D3DboxType1 7 10.000000 /tmp/tp83598bd8_cdce_4be5_9dbb_7af7fdda74ad.txt /tmp/tp83598bd8_cdce_4be5_9dbb_7af7fdda74ad.txt
Ba2D3D bundle adjuster in 2D and 3D. Writen by Jianxiong Xiao.
Usage: EXE mode(1,2,3,5) w3Dv2D input_file_name output_file_name
Parameters: mode=7 w3Dv2D=10	Meta Info: nCam=15 nPts=15000 nObs=15000 nObjects=0	Camera Intrinsic: fx=718.856 fy=718.856 px=607.193 py=185.216	
iter      cost      cost_change  |gradient|   |step|    tr_ratio  tr_radius  ls_iter  iter_time  total_time
   0  7.965356e+06    0.00e+00    3.16e+06   0.00e+00   0.00e+00  1.00e+04       0    1.19e+02    1.20e+02
   1  9.862145e+05    6.98e+06    3.16e+06   7.71e+01   8.85e-01  1.84e+04       1    1.21e+02    2.41e+02
   2  5.136462e+04    9.35e+05    1.56e+05   2.38e+01   9.87e-01  5.53e+04       1    1.20e+02    3.61e+02
   3  3.787078e+04    1.35e+04    1.54e+04   1.68e+01   9.57e-01  1.66e+05       1    1.20e+02    4.82e+02
   4  3.757029e+04    3.00e+02    2.40e+02   3.06e+00   9.61e-01  4.97e+05       1    1.22e+02    6.04e+02
   5  3.756517e+04    5.12e+00    5.75e+01   4.66e-01   9.80e-01  1.49e+06       1    1.20e+02    7.25e+02
   6  3.756499e+04    1.76e-01    2.80e+00   8.72e-02   9.21e-01  3.70e+06       1    1.34e+02    8.58e+02
Ceres Solver Report: Iterations: 6, Initial cost: 7.965356e+06, Final cost: 3.756499e+04, Termination: CONVERGENCE
15 15000 C vbalues0x7fff7a15c1f0 0.000320482

cameraRtW2C(:,:,1) =

    0.9983    0.0248   -0.0526    0.8955
   -0.0257    0.9995   -0.0165   -0.0663
    0.0521    0.0178    0.9985    1.4417


cameraRtW2C(:,:,2) =

    0.9986    0.0247   -0.0472    1.2954
   -0.0255    0.9996   -0.0156    0.1149
    0.0468    0.0168    0.9988    0.9476


cameraRtW2C(:,:,3) =

    0.9962    0.0360    0.0791   -0.5122
   -0.0350    0.9993   -0.0137    0.2863
   -0.0795    0.0108    0.9968    0.5590


cameraRtW2C(:,:,4) =

    0.9961    0.0357    0.0802   -0.0345
   -0.0349    0.9993   -0.0113    0.4410
   -0.0805    0.0085    0.9967    0.0658


cameraRtW2C(:,:,5) =

    0.9962    0.0359    0.0798    0.4599
   -0.0354    0.9993   -0.0076    0.5706
   -0.0801    0.0048    0.9968   -0.4682


cameraRtW2C(:,:,6) =

    0.9961    0.0360    0.0800    0.9494
   -0.0357    0.9993   -0.0056    0.7299
   -0.0801    0.0027    0.9968   -0.9775


cameraRtW2C(:,:,7) =

    0.9962    0.0359    0.0793    1.4553
   -0.0358    0.9994   -0.0025    0.8694
   -0.0794   -0.0004    0.9968   -1.4662


cameraRtW2C(:,:,8) =

    0.9962    0.0364    0.0794    1.9485
   -0.0365    0.9993    0.0006    1.0121
   -0.0793   -0.0035    0.9968   -1.9587


cameraRtW2C(:,:,9) =

    0.9961    0.0363    0.0806    2.4061
   -0.0368    0.9993    0.0041    1.1414
   -0.0804   -0.0071    0.9967   -2.4842


cameraRtW2C(:,:,10) =

    0.9961    0.0363    0.0803    2.9124
   -0.0371    0.9993    0.0089    1.2550
   -0.0799   -0.0119    0.9967   -2.9522


cameraRtW2C(:,:,11) =

    0.9961    0.0361    0.0811    3.3794
   -0.0374    0.9992    0.0140    1.3551
   -0.0805   -0.0169    0.9966   -3.4612


cameraRtW2C(:,:,12) =

    0.9960    0.0354    0.0818    3.8649
   -0.0371    0.9991    0.0191    1.4628
   -0.0810   -0.0220    0.9965   -3.9288


cameraRtW2C(:,:,13) =

    0.9960    0.0352    0.0826    4.3459
   -0.0374    0.9990    0.0245    1.5648
   -0.0817   -0.0274    0.9963   -4.3948


cameraRtW2C(:,:,14) =

    0.9959    0.0348    0.0838    4.8373
   -0.0375    0.9988    0.0309    1.6544
   -0.0826   -0.0339    0.9960   -4.8328


cameraRtW2C(:,:,15) =

    0.9958    0.0341    0.0851    5.3472
   -0.0374    0.9986    0.0376    1.7456
   -0.0837   -0.0406    0.9957   -5.2433


error =

   2.3886e+04

./ba2D3DboxType1 7 10.000000 /tmp/tp30cf50c4_6687_4981_bb61_4e68acc9c1d8.txt /tmp/tp30cf50c4_6687_4981_bb61_4e68acc9c1d8.txt
Ba2D3D bundle adjuster in 2D and 3D. Writen by Jianxiong Xiao.
Usage: EXE mode(1,2,3,5) w3Dv2D input_file_name output_file_name
Parameters: mode=7 w3Dv2D=10	Meta Info: nCam=15 nPts=15000 nObs=15000 nObjects=0	Camera Intrinsic: fx=718.856 fy=718.856 px=607.193 py=185.216	
iter      cost      cost_change  |gradient|   |step|    tr_ratio  tr_radius  ls_iter  iter_time  total_time
   0  8.056400e+06    0.00e+00    2.90e+06   0.00e+00   0.00e+00  1.00e+04       0    1.22e+02    1.23e+02
   1  9.849802e+05    7.07e+06    3.30e+06   7.47e+01   8.86e-01  1.85e+04       1    1.26e+02    2.49e+02
   2  5.130145e+04    9.34e+05    1.51e+05   2.19e+01   9.87e-01  5.56e+04       1    1.26e+02    3.75e+02
   3  3.706108e+04    1.42e+04    1.94e+04   1.57e+01   9.72e-01  1.67e+05       1    1.27e+02    5.02e+02
   4  3.636488e+04    6.96e+02    5.90e+02   4.58e+00   9.71e-01  5.00e+05       1    1.25e+02    6.27e+02
   5  3.635399e+04    1.09e+01    7.63e+01   4.67e-01   1.10e+00  1.50e+06       1    1.20e+02    7.47e+02
   6  3.635368e+04    3.18e-01    1.21e+01   8.60e-02   1.11e+00  4.50e+06       1    1.21e+02    8.68e+02
Ceres Solver Report: Iterations: 6, Initial cost: 8.056400e+06, Final cost: 3.635368e+04, Termination: CONVERGENCE
15 15000 C vbalues0x7fff41d81450 0.000555176

cameraRtW2C(:,:,1) =

    0.9986   -0.0145   -0.0511    0.8350
    0.0144    0.9999   -0.0030   -0.3648
    0.0511    0.0023    0.9987    1.3129


cameraRtW2C(:,:,2) =

    0.9989   -0.0158   -0.0442    1.2073
    0.0157    0.9999   -0.0038   -0.1538
    0.0443    0.0031    0.9990    0.8210


cameraRtW2C(:,:,3) =

    0.9974   -0.0088    0.0712   -0.4187
    0.0089    1.0000   -0.0012    0.0005
   -0.0712    0.0019    0.9975    0.4702


cameraRtW2C(:,:,4) =

    0.9974   -0.0086    0.0719    0.0641
    0.0085    1.0000    0.0009    0.1597
   -0.0719   -0.0003    0.9974   -0.0405


cameraRtW2C(:,:,5) =

    0.9974   -0.0089    0.0716    0.5601
    0.0088    1.0000    0.0028    0.3212
   -0.0716   -0.0021    0.9974   -0.6034


cameraRtW2C(:,:,6) =

    0.9974   -0.0086    0.0714    1.0611
    0.0083    1.0000    0.0053    0.4748
   -0.0715   -0.0047    0.9974   -1.0676


cameraRtW2C(:,:,7) =

    0.9974   -0.0086    0.0722    1.5340
    0.0080    0.9999    0.0090    0.6031
   -0.0723   -0.0084    0.9973   -1.5904


cameraRtW2C(:,:,8) =

    0.9974   -0.0084    0.0722    2.0216
    0.0075    0.9999    0.0120    0.7410
   -0.0723   -0.0114    0.9973   -2.1135


cameraRtW2C(:,:,9) =

    0.9973   -0.0091    0.0725    2.5113
    0.0079    0.9998    0.0164    0.8580
   -0.0726   -0.0157    0.9972   -2.5962


cameraRtW2C(:,:,10) =

    0.9974   -0.0085    0.0722    3.0069
    0.0072    0.9998    0.0188    1.0130
   -0.0724   -0.0183    0.9972   -3.0900


cameraRtW2C(:,:,11) =

    0.9973   -0.0086    0.0729    3.4816
    0.0069    0.9997    0.0232    1.1278
   -0.0731   -0.0226    0.9971   -3.5870


cameraRtW2C(:,:,12) =

    0.9972   -0.0081    0.0741    3.9628
    0.0061    0.9996    0.0273    1.2544
   -0.0743   -0.0268    0.9969   -4.0430


cameraRtW2C(:,:,13) =

    0.9972   -0.0087    0.0747    4.4527
    0.0062    0.9994    0.0332    1.3462
   -0.0749   -0.0326    0.9967   -4.5141


cameraRtW2C(:,:,14) =

    0.9971   -0.0088    0.0755    4.9317
    0.0060    0.9993    0.0376    1.4626
   -0.0757   -0.0370    0.9964   -4.9938


cameraRtW2C(:,:,15) =

    0.9970   -0.0094    0.0768    5.4277
    0.0062    0.9991    0.0425    1.5820
   -0.0772   -0.0419    0.9961   -5.4296


error =

  758.4863

./ba2D3DboxType1 7 10.000000 /tmp/tp51137e04_ebff_43fd_ba54_cb2728223ded.txt /tmp/tp51137e04_ebff_43fd_ba54_cb2728223ded.txt
Ba2D3D bundle adjuster in 2D and 3D. Writen by Jianxiong Xiao.
Usage: EXE mode(1,2,3,5) w3Dv2D input_file_name output_file_name
Parameters: mode=7 w3Dv2D=10	Meta Info: nCam=15 nPts=15000 nObs=15000 nObjects=0	Camera Intrinsic: fx=718.856 fy=718.856 px=607.193 py=185.216	
iter      cost      cost_change  |gradient|   |step|    tr_ratio  tr_radius  ls_iter  iter_time  total_time
   0  8.536505e+06    0.00e+00    3.06e+06   0.00e+00   0.00e+00  1.00e+04       0    1.18e+02    1.19e+02
   1  9.547611e+05    7.58e+06    3.11e+06   7.71e+01   8.96e-01  1.99e+04       1    1.21e+02    2.40e+02
   2  5.627523e+04    8.98e+05    1.52e+05   2.49e+01   9.86e-01  5.98e+04       1    1.26e+02    3.66e+02
   3  4.107174e+04    1.52e+04    1.78e+04   1.67e+01   9.55e-01  1.80e+05       1    1.20e+02    4.86e+02
   4  4.034016e+04    7.32e+02    7.11e+02   5.18e+00   9.12e-01  4.08e+05       1    1.24e+02    6.10e+02
   5  4.033045e+04    9.71e+00    7.05e+01   5.54e-01   1.04e+00  1.22e+06       1    1.22e+02    7.32e+02
   6  4.033013e+04    3.24e-01    1.09e+01   1.09e-01   1.00e+00  3.67e+06       1    1.19e+02    8.51e+02
Ceres Solver Report: Iterations: 6, Initial cost: 8.536505e+06, Final cost: 4.033013e+04, Termination: CONVERGENCE
15 15000 C vbalues0x7fff52570b50 0.000217436

cameraRtW2C(:,:,1) =

    0.9966   -0.0433   -0.0704    1.1563
    0.0420    0.9989   -0.0202   -0.0455
    0.0712    0.0172    0.9973    1.3829


cameraRtW2C(:,:,2) =

    0.9968   -0.0431   -0.0666    1.5785
    0.0420    0.9990   -0.0178    0.1060
    0.0673    0.0149    0.9976    0.8516


cameraRtW2C(:,:,3) =

    0.9970   -0.0341    0.0702   -0.4376
    0.0352    0.9993   -0.0151    0.2595
   -0.0696    0.0175    0.9974    0.4638


cameraRtW2C(:,:,4) =

    0.9969   -0.0342    0.0705    0.0548
    0.0353    0.9993   -0.0138    0.4388
   -0.0699    0.0162    0.9974   -0.0497


cameraRtW2C(:,:,5) =

    0.9970   -0.0340    0.0697    0.5607
    0.0347    0.9993   -0.0097    0.5577
   -0.0693    0.0121    0.9975   -0.5576


cameraRtW2C(:,:,6) =

    0.9970   -0.0340    0.0695    1.0491
    0.0346    0.9994   -0.0075    0.7129
   -0.0692    0.0099    0.9976   -1.1027


cameraRtW2C(:,:,7) =

    0.9969   -0.0338    0.0712    1.5035
    0.0343    0.9994   -0.0050    0.8611
   -0.0710    0.0075    0.9974   -1.6183


cameraRtW2C(:,:,8) =

    0.9969   -0.0343    0.0709    2.0078
    0.0344    0.9994   -0.0012    0.9922
   -0.0708    0.0037    0.9975   -2.0724


cameraRtW2C(:,:,9) =

    0.9969   -0.0339    0.0709    2.4910
    0.0338    0.9994    0.0028    1.1104
   -0.0710   -0.0004    0.9975   -2.6045


cameraRtW2C(:,:,10) =

    0.9969   -0.0339    0.0708    2.9800
    0.0334    0.9994    0.0073    1.2238
   -0.0710   -0.0049    0.9975   -3.0934


cameraRtW2C(:,:,11) =

    0.9969   -0.0342    0.0710    3.4672
    0.0334    0.9994    0.0126    1.3226
   -0.0714   -0.0101    0.9974   -3.5784


cameraRtW2C(:,:,12) =

    0.9968   -0.0341    0.0728    3.9308
    0.0330    0.9993    0.0176    1.4325
   -0.0734   -0.0151    0.9972   -4.0426


cameraRtW2C(:,:,13) =

    0.9967   -0.0338    0.0735    4.4223
    0.0322    0.9992    0.0224    1.5456
   -0.0742   -0.0200    0.9970   -4.4934


cameraRtW2C(:,:,14) =

    0.9966   -0.0347    0.0746    4.9110
    0.0326    0.9991    0.0287    1.6330
   -0.0755   -0.0262    0.9968   -4.9417


cameraRtW2C(:,:,15) =

    0.9965   -0.0355    0.0756    5.4174
    0.0330    0.9988    0.0351    1.7291
   -0.0768   -0.0324    0.9965   -5.3638


error =

   2.2395e+04

./ba2D3DboxType1 7 10.000000 /tmp/tp3c895a8e_12a5_4608_86ce_972ac1556001.txt /tmp/tp3c895a8e_12a5_4608_86ce_972ac1556001.txt
Ba2D3D bundle adjuster in 2D and 3D. Writen by Jianxiong Xiao.
Usage: EXE mode(1,2,3,5) w3Dv2D input_file_name output_file_name
Parameters: mode=7 w3Dv2D=10	Meta Info: nCam=15 nPts=15000 nObs=15000 nObjects=0	Camera Intrinsic: fx=718.856 fy=718.856 px=607.193 py=185.216	
iter      cost      cost_change  |gradient|   |step|    tr_ratio  tr_radius  ls_iter  iter_time  total_time
   0  7.674233e+06    0.00e+00    3.04e+06   0.00e+00   0.00e+00  1.00e+04       0    1.19e+02    1.20e+02
   1  9.390609e+05    6.74e+06    3.15e+06   7.79e+01   8.86e-01  1.86e+04       1    1.20e+02    2.40e+02
   2  4.777469e+04    8.91e+05    1.62e+05   2.39e+01   9.89e-01  5.57e+04       1    1.20e+02    3.60e+02
   3  3.694774e+04    1.08e+04    1.53e+04   1.51e+01   9.79e-01  1.67e+05       1    1.18e+02    4.78e+02
   4  3.674553e+04    2.02e+02    1.89e+02   1.96e+00   1.04e+00  5.02e+05       1    1.18e+02    5.96e+02
   5  3.674118e+04    4.36e+00    6.60e+01   3.84e-01   1.08e+00  1.51e+06       1    1.18e+02    7.14e+02
   6  3.674102e+04    1.59e-01    4.52e+00   6.49e-02   1.05e+00  4.52e+06       1    1.18e+02    8.32e+02
Ceres Solver Report: Iterations: 6, Initial cost: 7.674233e+06, Final cost: 3.674102e+04, Termination: CONVERGENCE
15 15000 C vbalues0x7fff80337530 -0.000337972

cameraRtW2C(:,:,1) =

    0.9980   -0.0275   -0.0574    0.8641
    0.0269    0.9996   -0.0112   -0.2175
    0.0577    0.0096    0.9983    1.4458


cameraRtW2C(:,:,2) =

    0.9984   -0.0274   -0.0497    1.2194
    0.0270    0.9996   -0.0091   -0.0565
    0.0500    0.0077    0.9987    0.8945


cameraRtW2C(:,:,3) =

    0.9976   -0.0204    0.0664   -0.4102
    0.0209    0.9998   -0.0075    0.1182
   -0.0663    0.0089    0.9978    0.5079


cameraRtW2C(:,:,4) =

    0.9975   -0.0200    0.0680    0.0586
    0.0204    0.9998   -0.0041    0.2525
   -0.0679    0.0055    0.9977    0.0129


cameraRtW2C(:,:,5) =

    0.9974   -0.0205    0.0686    0.5460
    0.0208    0.9998   -0.0036    0.4397
   -0.0685    0.0050    0.9976   -0.4689


cameraRtW2C(:,:,6) =

    0.9975   -0.0206    0.0675    1.0535
    0.0208    0.9998   -0.0010    0.5923
   -0.0675    0.0024    0.9977   -1.0101


cameraRtW2C(:,:,7) =

    0.9975   -0.0205    0.0681    1.5350
    0.0203    0.9998    0.0027    0.7211
   -0.0682   -0.0013    0.9977   -1.5100


cameraRtW2C(:,:,8) =

    0.9975   -0.0202    0.0672    2.0439
    0.0199    0.9998    0.0055    0.8691
   -0.0673   -0.0042    0.9977   -2.0146


cameraRtW2C(:,:,9) =

    0.9974   -0.0203    0.0687    2.5033
    0.0197    0.9998    0.0094    0.9907
   -0.0689   -0.0080    0.9976   -2.5282


cameraRtW2C(:,:,10) =

    0.9974   -0.0201    0.0693    2.9837
    0.0193    0.9997    0.0124    1.1334
   -0.0695   -0.0110    0.9975   -3.0197


cameraRtW2C(:,:,11) =

    0.9974   -0.0205    0.0692    3.4905
    0.0194    0.9997    0.0168    1.2541
   -0.0695   -0.0154    0.9975   -3.4733


cameraRtW2C(:,:,12) =

    0.9973   -0.0204    0.0705    3.9522
    0.0189    0.9996    0.0216    1.3614
   -0.0709   -0.0202    0.9973   -3.9753


cameraRtW2C(:,:,13) =

    0.9973   -0.0207    0.0704    4.4464
    0.0188    0.9995    0.0266    1.4685
   -0.0709   -0.0252    0.9972   -4.4591


cameraRtW2C(:,:,14) =

    0.9972   -0.0210    0.0724    4.9320
    0.0187    0.9993    0.0319    1.5820
   -0.0730   -0.0304    0.9969   -4.8845


cameraRtW2C(:,:,15) =

    0.9971   -0.0216    0.0736    5.4349
    0.0189    0.9991    0.0372    1.6957
   -0.0743   -0.0357    0.9966   -5.3156


error =

   2.6561e+04

./ba2D3DboxType1 7 10.000000 /tmp/tp85537d15_241e_4424_b16a_9a4e545b1518.txt /tmp/tp85537d15_241e_4424_b16a_9a4e545b1518.txt
Ba2D3D bundle adjuster in 2D and 3D. Writen by Jianxiong Xiao.
Usage: EXE mode(1,2,3,5) w3Dv2D input_file_name output_file_name
Parameters: mode=7 w3Dv2D=10	Meta Info: nCam=15 nPts=15000 nObs=15000 nObjects=0	Camera Intrinsic: fx=718.856 fy=718.856 px=607.193 py=185.216	
iter      cost      cost_change  |gradient|   |step|    tr_ratio  tr_radius  ls_iter  iter_time  total_time
   0  7.131507e+06    0.00e+00    2.90e+06   0.00e+00   0.00e+00  1.00e+04       0    1.19e+02    1.20e+02
   1  9.259350e+05    6.21e+06    3.07e+06   7.72e+01   8.79e-01  1.77e+04       1    1.38e+02    2.58e+02
   2  4.349308e+04    8.82e+05    1.32e+05   2.21e+01   9.90e-01  5.32e+04       1    1.19e+02    3.77e+02
   3  3.312138e+04    1.04e+04    1.16e+04   1.39e+01   9.79e-01  1.60e+05       1    1.22e+02    4.99e+02
   4  3.282191e+04    2.99e+02    2.35e+02   2.96e+00   9.96e-01  4.79e+05       1    1.18e+02    6.18e+02
   5  3.281552e+04    6.39e+00    5.41e+01   4.44e-01   1.04e+00  1.44e+06       1    1.20e+02    7.38e+02
   6  3.281527e+04    2.45e-01    9.37e+00   9.41e-02   9.83e-01  4.31e+06       1    1.20e+02    8.58e+02
Ceres Solver Report: Iterations: 6, Initial cost: 7.131507e+06, Final cost: 3.281527e+04, Termination: CONVERGENCE
15 15000 C vbalues0x7fff52402d90 -0.000213887

cameraRtW2C(:,:,1) =

    0.9989    0.0243   -0.0409    0.5266
   -0.0243    0.9997    0.0005   -0.3886
    0.0409    0.0005    0.9992    1.4671


cameraRtW2C(:,:,2) =

    0.9990    0.0245   -0.0370    0.9525
   -0.0244    0.9997    0.0025   -0.2234
    0.0370   -0.0016    0.9993    0.9711


cameraRtW2C(:,:,3) =

    0.9969    0.0397    0.0686   -0.4893
   -0.0400    0.9992    0.0039   -0.0399
   -0.0684   -0.0066    0.9976    0.5811


cameraRtW2C(:,:,4) =

    0.9969    0.0397    0.0682    0.0158
   -0.0402    0.9992    0.0052    0.1377
   -0.0679   -0.0079    0.9977    0.0718


cameraRtW2C(:,:,5) =

    0.9968    0.0405    0.0687    0.5018
   -0.0409    0.9992    0.0046    0.3482
   -0.0684   -0.0074    0.9976   -0.4288


cameraRtW2C(:,:,6) =

    0.9969    0.0400    0.0678    1.0144
   -0.0407    0.9991    0.0094    0.4580
   -0.0673   -0.0121    0.9977   -0.9327


cameraRtW2C(:,:,7) =

    0.9969    0.0397    0.0683    1.4951
   -0.0404    0.9991    0.0102    0.6395
   -0.0678   -0.0129    0.9976   -1.4576


cameraRtW2C(:,:,8) =

    0.9968    0.0402    0.0687    1.9713
   -0.0413    0.9990    0.0152    0.7432
   -0.0680   -0.0180    0.9975   -1.9884


cameraRtW2C(:,:,9) =

    0.9968    0.0402    0.0685    2.4787
   -0.0414    0.9990    0.0158    0.9325
   -0.0677   -0.0186    0.9975   -2.4629


cameraRtW2C(:,:,10) =

    0.9968    0.0399    0.0694    2.9562
   -0.0413    0.9990    0.0187    1.0779
   -0.0686   -0.0215    0.9974   -2.9455


cameraRtW2C(:,:,11) =

    0.9968    0.0402    0.0693    3.4486
   -0.0419    0.9988    0.0234    1.1905
   -0.0683   -0.0262    0.9973   -3.4435


cameraRtW2C(:,:,12) =

    0.9967    0.0400    0.0702    3.9256
   -0.0420    0.9987    0.0274    1.3159
   -0.0690   -0.0302    0.9972   -3.9358


cameraRtW2C(:,:,13) =

    0.9967    0.0400    0.0709    4.4126
   -0.0423    0.9986    0.0321    1.4313
   -0.0695   -0.0350    0.9970   -4.4089


cameraRtW2C(:,:,14) =

    0.9966    0.0397    0.0718    4.8914
   -0.0425    0.9984    0.0372    1.5368
   -0.0702   -0.0401    0.9967   -4.8877


cameraRtW2C(:,:,15) =

    0.9965    0.0398    0.0729    5.3934
   -0.0429    0.9982    0.0417    1.6641
   -0.0711   -0.0446    0.9965   -5.3233


error =

   3.2603e+04

./ba2D3DboxType1 7 10.000000 /tmp/tp2c2b97e3_1f1e_470e_afc3_8a731c6ad4e3.txt /tmp/tp2c2b97e3_1f1e_470e_afc3_8a731c6ad4e3.txt
Ba2D3D bundle adjuster in 2D and 3D. Writen by Jianxiong Xiao.
Usage: EXE mode(1,2,3,5) w3Dv2D input_file_name output_file_name
Parameters: mode=7 w3Dv2D=10	Meta Info: nCam=15 nPts=15000 nObs=15000 nObjects=0	Camera Intrinsic: fx=718.856 fy=718.856 px=607.193 py=185.216	
iter      cost      cost_change  |gradient|   |step|    tr_ratio  tr_radius  ls_iter  iter_time  total_time
   0  8.003207e+06    0.00e+00    2.78e+06   0.00e+00   0.00e+00  1.00e+04       0    1.18e+02    1.19e+02
   1  9.937501e+05    7.01e+06    3.36e+06   7.72e+01   8.84e-01  1.83e+04       1    1.18e+02    2.37e+02
   2  4.993277e+04    9.44e+05    1.52e+05   2.30e+01   9.89e-01  5.50e+04       1    1.23e+02    3.60e+02
   3  3.763041e+04    1.23e+04    1.68e+04   1.55e+01   9.76e-01  1.65e+05       1    1.20e+02    4.80e+02
   4  3.722314e+04    4.07e+02    3.30e+02   3.27e+00   9.91e-01  4.95e+05       1    1.26e+02    6.07e+02
   5  3.721510e+04    8.04e+00    5.75e+01   5.11e-01   1.02e+00  1.48e+06       1    1.22e+02    7.29e+02
   6  3.721480e+04    2.99e-01    1.26e+01   1.08e-01   9.64e-01  4.45e+06       1    1.18e+02    8.47e+02
Ceres Solver Report: Iterations: 6, Initial cost: 8.003207e+06, Final cost: 3.721480e+04, Termination: CONVERGENCE
15 15000 C vbalues0x7fffe1f834c0 0.000188624

cameraRtW2C(:,:,1) =

    0.9967   -0.0680   -0.0441    0.6129
    0.0678    0.9977   -0.0070   -0.3126
    0.0444    0.0040    0.9990    1.3476


cameraRtW2C(:,:,2) =

    0.9969   -0.0678   -0.0390    1.0169
    0.0677    0.9977   -0.0043   -0.1609
    0.0392    0.0017    0.9992    0.8441


cameraRtW2C(:,:,3) =

    0.9952   -0.0686    0.0703   -0.4904
    0.0688    0.9976   -0.0015   -0.0132
   -0.0701    0.0064    0.9975    0.4416


cameraRtW2C(:,:,4) =

    0.9952   -0.0680    0.0703    0.0023
    0.0681    0.9977    0.0010    0.1372
   -0.0702    0.0038    0.9975   -0.0915


cameraRtW2C(:,:,5) =

    0.9951   -0.0682    0.0714    0.4864
    0.0681    0.9977    0.0037    0.2884
   -0.0714    0.0012    0.9974   -0.5340


cameraRtW2C(:,:,6) =

    0.9952   -0.0677    0.0706    0.9940
    0.0675    0.9977    0.0054    0.4539
   -0.0708   -0.0006    0.9975   -1.0540


cameraRtW2C(:,:,7) =

    0.9952   -0.0682    0.0707    1.4812
    0.0678    0.9977    0.0083    0.5970
   -0.0711   -0.0035    0.9975   -1.5931


cameraRtW2C(:,:,8) =

    0.9952   -0.0680    0.0705    1.9696
    0.0674    0.9977    0.0114    0.7342
   -0.0711   -0.0066    0.9974   -2.1124


cameraRtW2C(:,:,9) =

    0.9952   -0.0679    0.0709    2.4629
    0.0670    0.9976    0.0146    0.8759
   -0.0717   -0.0098    0.9974   -2.5822


cameraRtW2C(:,:,10) =

    0.9951   -0.0680    0.0719    2.9348
    0.0670    0.9976    0.0164    1.0368
   -0.0728   -0.0115    0.9973   -3.0828


cameraRtW2C(:,:,11) =

    0.9951   -0.0685    0.0720    3.4309
    0.0671    0.9975    0.0210    1.1517
   -0.0732   -0.0161    0.9972   -3.5646


cameraRtW2C(:,:,12) =

    0.9951   -0.0681    0.0722    3.9209
    0.0664    0.9975    0.0253    1.2728
   -0.0737   -0.0204    0.9971   -4.0455


cameraRtW2C(:,:,13) =

    0.9950   -0.0688    0.0730    4.4102
    0.0669    0.9974    0.0286    1.4144
   -0.0747   -0.0236    0.9969   -4.5133


cameraRtW2C(:,:,14) =

    0.9949   -0.0691    0.0740    4.8994
    0.0669    0.9972    0.0326    1.5441
   -0.0760   -0.0275    0.9967   -4.9731


cameraRtW2C(:,:,15) =

    0.9948   -0.0694    0.0751    5.3872
    0.0668    0.9971    0.0368    1.6689
   -0.0775   -0.0316    0.9965   -5.4366


error =

   2.4179e+04

./ba2D3DboxType1 7 10.000000 /tmp/tp14b69b08_c098_4b8a_bfcb_95cabd6baefd.txt /tmp/tp14b69b08_c098_4b8a_bfcb_95cabd6baefd.txt
Ba2D3D bundle adjuster in 2D and 3D. Writen by Jianxiong Xiao.
Usage: EXE mode(1,2,3,5) w3Dv2D input_file_name output_file_name
Parameters: mode=7 w3Dv2D=10	Meta Info: nCam=15 nPts=15000 nObs=15000 nObjects=0	Camera Intrinsic: fx=718.856 fy=718.856 px=607.193 py=185.216	
iter      cost      cost_change  |gradient|   |step|    tr_ratio  tr_radius  ls_iter  iter_time  total_time
   0  8.186683e+06    0.00e+00    3.12e+06   0.00e+00   0.00e+00  1.00e+04       0    1.20e+02    1.21e+02
   1  1.012180e+06    7.17e+06    3.22e+06   7.97e+01   8.85e-01  1.84e+04       1    1.24e+02    2.45e+02
   2  5.291530e+04    9.59e+05    1.78e+05   2.48e+01   9.87e-01  5.52e+04       1    1.29e+02    3.73e+02
   3  3.927832e+04    1.36e+04    1.79e+04   1.64e+01   9.79e-01  1.66e+05       1    1.20e+02    4.94e+02
   4  3.895625e+04    3.22e+02    2.90e+02   2.98e+00   1.01e+00  4.97e+05       1    1.21e+02    6.14e+02
   5  3.894829e+04    7.96e+00    7.92e+01   5.28e-01   1.05e+00  1.49e+06       1    1.30e+02    7.44e+02
   6  3.894797e+04    3.21e-01    1.05e+01   1.04e-01   1.02e+00  4.47e+06       1    1.27e+02    8.71e+02
Ceres Solver Report: Iterations: 6, Initial cost: 8.186683e+06, Final cost: 3.894797e+04, Termination: CONVERGENCE
15 15000 C vbalues0x7ffff89bbb60 0.000563996

cameraRtW2C(:,:,1) =

    0.9962    0.0604   -0.0628    0.8978
   -0.0605    0.9982    0.0006   -0.3641
    0.0627    0.0032    0.9980    1.4752


cameraRtW2C(:,:,2) =

    0.9964    0.0622   -0.0580    1.3006
   -0.0621    0.9981    0.0048   -0.2386
    0.0582   -0.0012    0.9983    0.9607


cameraRtW2C(:,:,3) =

    0.9943    0.0788    0.0712   -0.5621
   -0.0794    0.9968    0.0047   -0.0239
   -0.0706   -0.0104    0.9975    0.5605


cameraRtW2C(:,:,4) =

    0.9943    0.0796    0.0707   -0.0577
   -0.0802    0.9968    0.0056    0.1563
   -0.0700   -0.0112    0.9975    0.0340


cameraRtW2C(:,:,5) =

    0.9943    0.0794    0.0709    0.4320
   -0.0801    0.9968    0.0074    0.3243
   -0.0701   -0.0131    0.9975   -0.4731


cameraRtW2C(:,:,6) =

    0.9943    0.0792    0.0710    0.9236
   -0.0800    0.9968    0.0088    0.4937
   -0.0701   -0.0145    0.9974   -0.9798


cameraRtW2C(:,:,7) =

    0.9943    0.0792    0.0707    1.4188
   -0.0802    0.9967    0.0116    0.6424
   -0.0696   -0.0172    0.9974   -1.4841


cameraRtW2C(:,:,8) =

    0.9943    0.0796    0.0713    1.8991
   -0.0808    0.9966    0.0152    0.7747
   -0.0698   -0.0209    0.9973   -1.9911


cameraRtW2C(:,:,9) =

    0.9943    0.0797    0.0710    2.3968
   -0.0812    0.9965    0.0179    0.9194
   -0.0693   -0.0236    0.9973   -2.4868


cameraRtW2C(:,:,10) =

    0.9942    0.0798    0.0719    2.8696
   -0.0815    0.9964    0.0212    1.0572
   -0.0699   -0.0270    0.9972   -2.9901


cameraRtW2C(:,:,11) =

    0.9942    0.0793    0.0723    3.3462
   -0.0814    0.9964    0.0255    1.1762
   -0.0700   -0.0312    0.9971   -3.4904


cameraRtW2C(:,:,12) =

    0.9941    0.0806    0.0731    3.8230
   -0.0830    0.9961    0.0306    1.2816
   -0.0704   -0.0365    0.9969   -3.9744


cameraRtW2C(:,:,13) =

    0.9940    0.0800    0.0742    4.3096
   -0.0828    0.9959    0.0355    1.3946
   -0.0710   -0.0414    0.9966   -4.4259


cameraRtW2C(:,:,14) =

    0.9940    0.0794    0.0747    4.8119
   -0.0828    0.9956    0.0432    1.4623
   -0.0709   -0.0491    0.9963   -4.8725


cameraRtW2C(:,:,15) =

    0.9939    0.0792    0.0763    5.2946
   -0.0831    0.9953    0.0502    1.5407
   -0.0719   -0.0562    0.9958   -5.3180


error =

   1.6732e+04

./ba2D3DboxType1 7 10.000000 /tmp/tpd3a7073a_e83d_41ed_9e83_2cfc9bed4175.txt /tmp/tpd3a7073a_e83d_41ed_9e83_2cfc9bed4175.txt
Ba2D3D bundle adjuster in 2D and 3D. Writen by Jianxiong Xiao.
Usage: EXE mode(1,2,3,5) w3Dv2D input_file_name output_file_name
Parameters: mode=7 w3Dv2D=10	Meta Info: nCam=15 nPts=15000 nObs=15000 nObjects=0	Camera Intrinsic: fx=718.856 fy=718.856 px=607.193 py=185.216	
iter      cost      cost_change  |gradient|   |step|    tr_ratio  tr_radius  ls_iter  iter_time  total_time
   0  8.186963e+06    0.00e+00    2.93e+06   0.00e+00   0.00e+00  1.00e+04       0    1.18e+02    1.19e+02
   1  9.842646e+05    7.20e+06    3.16e+06   7.70e+01   8.88e-01  1.88e+04       1    1.19e+02    2.38e+02
   2  5.016975e+04    9.34e+05    1.39e+05   2.32e+01   9.87e-01  5.63e+04       1    1.20e+02    3.58e+02
   3  3.565851e+04    1.45e+04    1.69e+04   1.66e+01   9.60e-01  1.69e+05       1    1.23e+02    4.81e+02
   4  3.512840e+04    5.30e+02    3.19e+02   4.12e+00   9.55e-01  5.07e+05       1    1.24e+02    6.05e+02
   5  3.512047e+04    7.93e+00    5.52e+01   5.21e-01   9.96e-01  1.52e+06       1    1.19e+02    7.24e+02
   6  3.512022e+04    2.54e-01    7.58e+00   1.07e-01   9.27e-01  4.05e+06       1    1.21e+02    8.45e+02
Ceres Solver Report: Iterations: 6, Initial cost: 8.186963e+06, Final cost: 3.512022e+04, Termination: CONVERGENCE
15 15000 C vbalues0x7fff5539e3d0 -0.000260307

cameraRtW2C(:,:,1) =

    0.9981   -0.0235   -0.0578    1.0490
    0.0236    0.9997    0.0011   -0.4320
    0.0578   -0.0025    0.9983    1.4187


cameraRtW2C(:,:,2) =

    0.9982   -0.0245   -0.0544    1.4851
    0.0246    0.9997    0.0020   -0.2497
    0.0543   -0.0033    0.9985    0.9120


cameraRtW2C(:,:,3) =

    0.9978   -0.0192    0.0633   -0.1705
    0.0188    0.9998    0.0061   -0.1223
   -0.0634   -0.0049    0.9980    0.4833


cameraRtW2C(:,:,4) =

    0.9978   -0.0187    0.0630    0.3272
    0.0183    0.9998    0.0062    0.0728
   -0.0631   -0.0051    0.9980   -0.0572


cameraRtW2C(:,:,5) =

    0.9978   -0.0191    0.0629    0.8235
    0.0185    0.9998    0.0097    0.2066
   -0.0631   -0.0085    0.9980   -0.5495


cameraRtW2C(:,:,6) =

    0.9979   -0.0189    0.0627    1.3220
    0.0182    0.9998    0.0117    0.3692
   -0.0629   -0.0105    0.9980   -1.0491


cameraRtW2C(:,:,7) =

    0.9979   -0.0185    0.0625    1.8120
    0.0176    0.9997    0.0145    0.5111
   -0.0628   -0.0134    0.9979   -1.5928


cameraRtW2C(:,:,8) =

    0.9978   -0.0184    0.0634    2.2941
    0.0173    0.9997    0.0172    0.6640
   -0.0637   -0.0160    0.9978   -2.0681


cameraRtW2C(:,:,9) =

    0.9978   -0.0185    0.0634    2.7811
    0.0173    0.9997    0.0196    0.8126
   -0.0638   -0.0185    0.9978   -2.5746


cameraRtW2C(:,:,10) =

    0.9978   -0.0186    0.0634    3.2814
    0.0171    0.9996    0.0243    0.9277
   -0.0639   -0.0232    0.9977   -3.0347


cameraRtW2C(:,:,11) =

    0.9978   -0.0187    0.0642    3.7539
    0.0170    0.9995    0.0278    1.0577
   -0.0647   -0.0267    0.9975   -3.5447


cameraRtW2C(:,:,12) =

    0.9977   -0.0190    0.0647    4.2463
    0.0169    0.9993    0.0320    1.1822
   -0.0653   -0.0308    0.9974   -4.0115


cameraRtW2C(:,:,13) =

    0.9976   -0.0197    0.0658    4.7206
    0.0173    0.9992    0.0363    1.3004
   -0.0664   -0.0351    0.9972   -4.4953


cameraRtW2C(:,:,14) =

    0.9976   -0.0196    0.0664    5.2234
    0.0170    0.9990    0.0405    1.4312
   -0.0672   -0.0393    0.9970   -4.9387


cameraRtW2C(:,:,15) =

    0.9975   -0.0204    0.0679    5.7068
    0.0172    0.9987    0.0470    1.5197
   -0.0688   -0.0457    0.9966   -5.3904


error =

   9.4427e+03

./ba2D3DboxType1 7 10.000000 /tmp/tp60a0c985_a3ac_4c32_bed7_594f24b9d098.txt /tmp/tp60a0c985_a3ac_4c32_bed7_594f24b9d098.txt
Ba2D3D bundle adjuster in 2D and 3D. Writen by Jianxiong Xiao.
Usage: EXE mode(1,2,3,5) w3Dv2D input_file_name output_file_name
Parameters: mode=7 w3Dv2D=10	Meta Info: nCam=15 nPts=15000 nObs=15000 nObjects=0	Camera Intrinsic: fx=718.856 fy=718.856 px=607.193 py=185.216	
iter      cost      cost_change  |gradient|   |step|    tr_ratio  tr_radius  ls_iter  iter_time  total_time
   0  7.586766e+06    0.00e+00    3.02e+06   0.00e+00   0.00e+00  1.00e+04       0    1.25e+02    1.26e+02
   1  9.767444e+05    6.61e+06    3.41e+06   7.17e+01   8.79e-01  1.77e+04       1    1.21e+02    2.47e+02
   2  3.758295e+04    9.39e+05    1.63e+05   2.15e+01   9.92e-01  5.32e+04       1    1.22e+02    3.69e+02
   3  2.943675e+04    8.15e+03    1.00e+04   1.28e+01   9.50e-01  1.60e+05       1    1.29e+02    4.98e+02
   4  2.930051e+04    1.36e+02    1.10e+02   1.95e+00   9.55e-01  4.79e+05       1    1.20e+02    6.19e+02
   5  2.929795e+04    2.56e+00    3.22e+01   3.65e-01   8.88e-01  9.01e+05       1    1.21e+02    7.40e+02
   6  2.929783e+04    1.15e-01    2.05e+00   8.57e-02   7.99e-01  1.15e+06       1    1.26e+02    8.65e+02
Ceres Solver Report: Iterations: 6, Initial cost: 7.586766e+06, Final cost: 2.929783e+04, Termination: CONVERGENCE
15 15000 C vbalues0x7fff9dea1940 0.000244541

cameraRtW2C(:,:,1) =

    0.9998   -0.0114   -0.0183    0.1298
    0.0113    0.9999   -0.0071   -0.2730
    0.0184    0.0069    0.9998    1.1374


cameraRtW2C(:,:,2) =

    0.9999   -0.0109   -0.0134    0.5385
    0.0109    0.9999   -0.0064   -0.0915
    0.0134    0.0062    0.9999    0.6634


cameraRtW2C(:,:,3) =

    0.9971   -0.0024    0.0758   -0.6191
    0.0030    1.0000   -0.0078    0.1423
   -0.0758    0.0080    0.9971    0.2447


cameraRtW2C(:,:,4) =

    0.9971   -0.0018    0.0759   -0.1236
    0.0023    1.0000   -0.0065    0.3202
   -0.0758    0.0067    0.9971   -0.2572


cameraRtW2C(:,:,5) =

    0.9970   -0.0016    0.0768    0.3514
    0.0019    1.0000   -0.0041    0.4683
   -0.0768    0.0042    0.9970   -0.7713


cameraRtW2C(:,:,6) =

    0.9971   -0.0017    0.0764    0.8628
    0.0018    1.0000   -0.0014    0.6216
   -0.0764    0.0015    0.9971   -1.2368


cameraRtW2C(:,:,7) =

    0.9971   -0.0018    0.0764    1.3490
    0.0018    1.0000    0.0006    0.7788
   -0.0764   -0.0005    0.9971   -1.7779


cameraRtW2C(:,:,8) =

    0.9971   -0.0011    0.0763    1.8422
    0.0009    1.0000    0.0021    0.9476
   -0.0764   -0.0020    0.9971   -2.2761


cameraRtW2C(:,:,9) =

    0.9971   -0.0014    0.0764    2.3386
    0.0010    1.0000    0.0050    1.0962
   -0.0764   -0.0049    0.9971   -2.7599


cameraRtW2C(:,:,10) =

    0.9970   -0.0014    0.0778    2.8079
    0.0009    1.0000    0.0074    1.2485
   -0.0778   -0.0073    0.9969   -3.2524


cameraRtW2C(:,:,11) =

    0.9970   -0.0019    0.0776    3.3060
    0.0010    0.9999    0.0118    1.3636
   -0.0776   -0.0117    0.9969   -3.7452


cameraRtW2C(:,:,12) =

    0.9969   -0.0020    0.0781    3.7966
    0.0009    0.9999    0.0133    1.5372
   -0.0781   -0.0132    0.9969   -4.2254


cameraRtW2C(:,:,13) =

    0.9969   -0.0022    0.0785    4.2998
    0.0008    0.9998    0.0177    1.6618
   -0.0786   -0.0176    0.9968   -4.6786


cameraRtW2C(:,:,14) =

    0.9969   -0.0026    0.0791    4.7814
    0.0009    0.9998    0.0216    1.7873
   -0.0791   -0.0214    0.9966   -5.1723


cameraRtW2C(:,:,15) =

