./ba2D3DboxType1 6 10.000000 /tmp/tpd38bfc68_25fb_4840_b17f_e7f95673b760.txt /tmp/tpd38bfc68_25fb_4840_b17f_e7f95673b760.txt
Ba2D3D bundle adjuster in 2D and 3D. Writen by Jianxiong Xiao.
Usage: EXE mode(1,2,3,5) w3Dv2D input_file_name output_file_name
Parameters: mode=6 w3Dv2D=10	Meta Info: nCam=15 nPts=15000 nObs=15000 nObjects=0	Camera Intrinsic: fx=718.856 fy=718.856 px=607.193 py=185.216	
iter      cost      cost_change  |gradient|   |step|    tr_ratio  tr_radius  ls_iter  iter_time  total_time
   0  4.215105e+06    0.00e+00    2.96e+06   0.00e+00   0.00e+00  1.00e+04       0    2.25e+00    2.27e+00
   1  8.381103e+05    3.38e+06    2.89e+06   9.92e+01   8.09e-01  1.31e+04       1    2.36e+00    4.64e+00
   2  1.238748e+04    8.26e+05    1.14e+05   1.80e+01   9.98e-01  3.93e+04       1    2.33e+00    6.96e+00
   3  1.102597e+04    1.36e+03    3.33e+03   3.13e+00   9.98e-01  1.18e+05       1    2.27e+00    9.24e+00
   4  1.102454e+04    1.43e+00    2.11e+01   6.27e-01   9.99e-01  3.54e+05       1    2.35e+00    1.16e+01
Ceres Solver Report: Iterations: 4, Initial cost: 4.215105e+06, Final cost: 1.102454e+04, Termination: CONVERGENCE
15 15000 C vbalues0x7fff3a83e740 5

cameraRtW2C(:,:,1) =

    0.9986    0.0140    0.0518   -2.3709
   -0.0156    0.9994    0.0298   -0.9329
   -0.0514   -0.0306    0.9982    2.4166


cameraRtW2C(:,:,2) =

    0.9986    0.0145    0.0513   -1.8615
   -0.0160    0.9994    0.0294   -0.7224
   -0.0508   -0.0302    0.9983    1.8660


cameraRtW2C(:,:,3) =

    0.9984    0.0136    0.0541   -1.4110
   -0.0153    0.9994    0.0305   -0.5471
   -0.0536   -0.0313    0.9981    1.3916


cameraRtW2C(:,:,4) =

    0.9984    0.0144    0.0542   -0.9095
   -0.0161    0.9994    0.0307   -0.3473
   -0.0537   -0.0315    0.9981    0.9017


cameraRtW2C(:,:,5) =

    0.9985    0.0143    0.0526   -0.3863
   -0.0159    0.9994    0.0314   -0.1607
   -0.0521   -0.0322    0.9981    0.3801


cameraRtW2C(:,:,6) =

    0.9984    0.0140    0.0547    0.0795
   -0.0157    0.9994    0.0308    0.0514
   -0.0543   -0.0316    0.9980   -0.0972


cameraRtW2C(:,:,7) =

    0.9985    0.0143    0.0530    0.6066
   -0.0159    0.9994    0.0294    0.2773
   -0.0525   -0.0302    0.9982   -0.6044


cameraRtW2C(:,:,8) =

    0.9984    0.0141    0.0541    1.0852
   -0.0158    0.9994    0.0313    0.4405
   -0.0536   -0.0321    0.9980   -1.1228


cameraRtW2C(:,:,9) =

    0.9984    0.0141    0.0543    1.5852
   -0.0159    0.9993    0.0324    0.6228
   -0.0538   -0.0332    0.9980   -1.6026


cameraRtW2C(:,:,10) =

    0.9985    0.0142    0.0538    2.0953
   -0.0159    0.9994    0.0316    0.8373
   -0.0533   -0.0324    0.9981   -2.1021


cameraRtW2C(:,:,11) =

    0.9984    0.0137    0.0547    2.5796
   -0.0154    0.9994    0.0313    1.0403
   -0.0542   -0.0321    0.9980   -2.5952


cameraRtW2C(:,:,12) =

    0.9984    0.0143    0.0550    3.0714
   -0.0160    0.9994    0.0317    1.2335
   -0.0545   -0.0326    0.9980   -3.0986


cameraRtW2C(:,:,13) =

    0.9984    0.0136    0.0543    3.5816
   -0.0153    0.9994    0.0317    1.4321
   -0.0539   -0.0325    0.9980   -3.6046


cameraRtW2C(:,:,14) =

    0.9984    0.0135    0.0547    4.0729
   -0.0152    0.9994    0.0317    1.6325
   -0.0542   -0.0325    0.9980   -4.1075


cameraRtW2C(:,:,15) =

    0.9984    0.0136    0.0548    4.5659
   -0.0154    0.9994    0.0313    1.8369
   -0.0543   -0.0321    0.9980   -4.6145


error =

   7.4212e+03

./ba2D3DboxType1 6 10.000000 /tmp/tp2a171a55_f05f_4782_b2b9_ec799cfd1ae7.txt /tmp/tp2a171a55_f05f_4782_b2b9_ec799cfd1ae7.txt
Ba2D3D bundle adjuster in 2D and 3D. Writen by Jianxiong Xiao.
Usage: EXE mode(1,2,3,5) w3Dv2D input_file_name output_file_name
Parameters: mode=6 w3Dv2D=10	Meta Info: nCam=15 nPts=15000 nObs=15000 nObjects=0	Camera Intrinsic: fx=718.856 fy=718.856 px=607.193 py=185.216	
iter      cost      cost_change  |gradient|   |step|    tr_ratio  tr_radius  ls_iter  iter_time  total_time
   0  4.310235e+06    0.00e+00    3.12e+06   0.00e+00   0.00e+00  1.00e+04       0    2.24e+00    2.27e+00
   1  8.075876e+05    3.50e+06    2.83e+06   8.33e+01   8.20e-01  1.36e+04       1    2.31e+00    4.57e+00
   2  1.185236e+04    7.96e+05    9.28e+04   2.03e+01   9.99e-01  4.07e+04       1    2.29e+00    6.86e+00
   3  1.093029e+04    9.22e+02    2.49e+03   5.40e+00   9.97e-01  1.22e+05       1    2.33e+00    9.20e+00
   4  1.092800e+04    2.29e+00    7.90e+01   1.21e+00   9.99e-01  3.66e+05       1    2.31e+00    1.15e+01
Ceres Solver Report: Iterations: 4, Initial cost: 4.310235e+06, Final cost: 1.092800e+04, Termination: CONVERGENCE
15 15000 C vbalues0x7fffa10afb10 5

cameraRtW2C(:,:,1) =

    0.9993   -0.0163    0.0325   -1.6566
    0.0159    0.9998    0.0132   -0.6460
   -0.0327   -0.0127    0.9994    1.6746


cameraRtW2C(:,:,2) =

    0.9994   -0.0159    0.0317   -1.1434
    0.0155    0.9998    0.0143   -0.4634
   -0.0320   -0.0138    0.9994    1.1700


cameraRtW2C(:,:,3) =

    0.9993   -0.0171    0.0335   -0.6749
    0.0166    0.9998    0.0139   -0.2569
   -0.0337   -0.0133    0.9993    0.6874


cameraRtW2C(:,:,4) =

    0.9993   -0.0173    0.0325   -0.1644
    0.0168    0.9998    0.0146   -0.0752
   -0.0327   -0.0140    0.9994    0.1103


cameraRtW2C(:,:,5) =

    0.9993   -0.0173    0.0330    0.3366
    0.0169    0.9998    0.0146    0.1302
   -0.0332   -0.0140    0.9993   -0.3252


cameraRtW2C(:,:,6) =

    0.9993   -0.0167    0.0329    0.8391
    0.0162    0.9998    0.0149    0.3274
   -0.0331   -0.0144    0.9993   -0.8048


cameraRtW2C(:,:,7) =

    0.9993   -0.0176    0.0331    1.3321
    0.0171    0.9998    0.0143    0.5354
   -0.0333   -0.0137    0.9994   -1.3349


cameraRtW2C(:,:,8) =

    0.9993   -0.0170    0.0329    1.8363
    0.0166    0.9998    0.0133    0.7517
   -0.0331   -0.0128    0.9994   -1.8377


cameraRtW2C(:,:,9) =

    0.9993   -0.0170    0.0333    2.3297
    0.0166    0.9998    0.0143    0.9351
   -0.0335   -0.0137    0.9993   -2.3313


cameraRtW2C(:,:,10) =

    0.9993   -0.0171    0.0333    2.8248
    0.0167    0.9998    0.0143    1.1313
   -0.0336   -0.0137    0.9993   -2.8448


cameraRtW2C(:,:,11) =

    0.9993   -0.0171    0.0339    3.3186
    0.0166    0.9998    0.0141    1.3377
   -0.0341   -0.0136    0.9993   -3.3279


cameraRtW2C(:,:,12) =

    0.9993   -0.0170    0.0340    3.8152
    0.0166    0.9998    0.0143    1.5348
   -0.0342   -0.0137    0.9993   -3.8300


cameraRtW2C(:,:,13) =

    0.9993   -0.0176    0.0344    4.3134
    0.0171    0.9998    0.0144    1.7328
   -0.0346   -0.0138    0.9993   -4.3207


cameraRtW2C(:,:,14) =

    0.9993   -0.0175    0.0330    4.8310
    0.0171    0.9998    0.0139    1.9387
   -0.0332   -0.0134    0.9994   -4.8391


cameraRtW2C(:,:,15) =

    0.9993   -0.0173    0.0338    5.3174
    0.0168    0.9998    0.0142    2.1339
   -0.0340   -0.0137    0.9993   -5.3341


error =

   3.4317e+03

./ba2D3DboxType1 6 10.000000 /tmp/tp7ce449ab_a49e_4b61_a1ab_af724eaf80ee.txt /tmp/tp7ce449ab_a49e_4b61_a1ab_af724eaf80ee.txt
Ba2D3D bundle adjuster in 2D and 3D. Writen by Jianxiong Xiao.
Usage: EXE mode(1,2,3,5) w3Dv2D input_file_name output_file_name
Parameters: mode=6 w3Dv2D=10	Meta Info: nCam=15 nPts=15000 nObs=15000 nObjects=0	Camera Intrinsic: fx=718.856 fy=718.856 px=607.193 py=185.216	
iter      cost      cost_change  |gradient|   |step|    tr_ratio  tr_radius  ls_iter  iter_time  total_time
   0  4.166191e+06    0.00e+00    2.94e+06   0.00e+00   0.00e+00  1.00e+04       0    2.41e+00    2.44e+00
   1  8.173035e+05    3.35e+06    2.78e+06   8.99e+01   8.12e-01  1.32e+04       1    3.16e+00    5.60e+00
   2  1.243712e+04    8.05e+05    1.22e+05   1.77e+01   9.98e-01  3.96e+04       1    3.10e+00    8.70e+00
   3  1.111364e+04    1.32e+03    1.10e+04   1.18e+01   9.92e-01  1.19e+05       1    2.36e+00    1.11e+01
   4  1.110319e+04    1.04e+01    1.12e+02   2.18e+00   1.00e+00  3.56e+05       1    2.28e+00    1.33e+01
Ceres Solver Report: Iterations: 4, Initial cost: 4.166191e+06, Final cost: 1.110319e+04, Termination: CONVERGENCE
15 15000 C vbalues0x7ffffad6da10 5

cameraRtW2C(:,:,1) =

    0.9993    0.0014    0.0374   -1.7387
   -0.0019    0.9999    0.0122   -0.6461
   -0.0373   -0.0123    0.9992    1.7111


cameraRtW2C(:,:,2) =

    0.9994    0.0008    0.0349   -1.1923
   -0.0013    0.9999    0.0134   -0.4641
   -0.0349   -0.0134    0.9993    1.2186


cameraRtW2C(:,:,3) =

    0.9994    0.0013    0.0343   -0.6830
   -0.0018    0.9999    0.0145   -0.2877
   -0.0343   -0.0146    0.9993    0.7157


cameraRtW2C(:,:,4) =

    0.9994    0.0006    0.0345   -0.1879
   -0.0010    0.9999    0.0136   -0.0740
   -0.0345   -0.0137    0.9993    0.1937


cameraRtW2C(:,:,5) =

    0.9994    0.0003    0.0352    0.3024
   -0.0009    0.9999    0.0154    0.0973
   -0.0352   -0.0154    0.9993   -0.2837


cameraRtW2C(:,:,6) =

    0.9993    0.0004    0.0364    0.7754
   -0.0009    0.9999    0.0151    0.3028
   -0.0364   -0.0151    0.9992   -0.7846


cameraRtW2C(:,:,7) =

    0.9994    0.0011    0.0346    1.3181
   -0.0016    0.9999    0.0141    0.5240
   -0.0345   -0.0141    0.9993   -1.2628


cameraRtW2C(:,:,8) =

    0.9994    0.0006    0.0347    1.8102
   -0.0011    0.9999    0.0145    0.7129
   -0.0347   -0.0146    0.9993   -1.7855


cameraRtW2C(:,:,9) =

    0.9994    0.0003    0.0359    2.2867
   -0.0008    0.9999    0.0144    0.9136
   -0.0359   -0.0144    0.9993   -2.2925


cameraRtW2C(:,:,10) =

    0.9994    0.0014    0.0356    2.7900
   -0.0020    0.9999    0.0146    1.1135
   -0.0355   -0.0147    0.9993   -2.7919


cameraRtW2C(:,:,11) =

    0.9994    0.0019    0.0355    3.2892
   -0.0024    0.9999    0.0142    1.3189
   -0.0355   -0.0143    0.9993   -3.2964


cameraRtW2C(:,:,12) =

    0.9994    0.0013    0.0357    3.7851
   -0.0018    0.9999    0.0136    1.5294
   -0.0357   -0.0136    0.9993   -3.7988


cameraRtW2C(:,:,13) =

    0.9994    0.0012    0.0351    4.2953
   -0.0017    0.9999    0.0143    1.7161
   -0.0350   -0.0144    0.9993   -4.3002


cameraRtW2C(:,:,14) =

    0.9994    0.0016    0.0353    4.7976
   -0.0021    0.9999    0.0144    1.9180
   -0.0352   -0.0145    0.9993   -4.7888


cameraRtW2C(:,:,15) =

    0.9994    0.0017    0.0355    5.2929
   -0.0022    0.9999    0.0145    2.1154
   -0.0355   -0.0146    0.9993   -5.2874


error =

   3.3561e+03

./ba2D3DboxType1 6 10.000000 /tmp/tpd3e61967_fe2d_4521_812f_0c11f84bbf83.txt /tmp/tpd3e61967_fe2d_4521_812f_0c11f84bbf83.txt
Ba2D3D bundle adjuster in 2D and 3D. Writen by Jianxiong Xiao.
Usage: EXE mode(1,2,3,5) w3Dv2D input_file_name output_file_name
Parameters: mode=6 w3Dv2D=10	Meta Info: nCam=15 nPts=15000 nObs=15000 nObjects=0	Camera Intrinsic: fx=718.856 fy=718.856 px=607.193 py=185.216	
iter      cost      cost_change  |gradient|   |step|    tr_ratio  tr_radius  ls_iter  iter_time  total_time
   0  4.253403e+06    0.00e+00    3.01e+06   0.00e+00   0.00e+00  1.00e+04       0    2.23e+00    2.26e+00
   1  8.461069e+05    3.41e+06    2.82e+06   8.70e+01   8.09e-01  1.31e+04       1    2.30e+00    4.55e+00
   2  1.232158e+04    8.34e+05    1.22e+05   1.64e+01   9.98e-01  3.93e+04       1    2.26e+00    6.82e+00
   3  1.101336e+04    1.31e+03    1.18e+04   1.55e+01   9.90e-01  1.18e+05       1    2.27e+00    9.09e+00
   4  1.100151e+04    1.19e+01    7.78e+01   2.55e+00   1.00e+00  3.53e+05       1    2.25e+00    1.13e+01
Ceres Solver Report: Iterations: 4, Initial cost: 4.253403e+06, Final cost: 1.100151e+04, Termination: CONVERGENCE
15 15000 C vbalues0x7fffee078d50 5

cameraRtW2C(:,:,1) =

    0.9996   -0.0049    0.0261   -1.3796
    0.0046    1.0000    0.0082   -0.5100
   -0.0261   -0.0080    0.9996    1.4098


cameraRtW2C(:,:,2) =

    0.9997   -0.0046    0.0260   -0.8810
    0.0043    0.9999    0.0095   -0.3386
   -0.0260   -0.0094    0.9996    0.8487


cameraRtW2C(:,:,3) =

    0.9996   -0.0050    0.0260   -0.3815
    0.0047    0.9999    0.0101   -0.1501
   -0.0261   -0.0100    0.9996    0.3497


cameraRtW2C(:,:,4) =

    0.9996   -0.0052    0.0267    0.1076
    0.0049    0.9999    0.0109    0.0387
   -0.0268   -0.0108    0.9996   -0.1067


cameraRtW2C(:,:,5) =

    0.9996   -0.0051    0.0274    0.5935
    0.0048    0.9999    0.0105    0.2432
   -0.0274   -0.0104    0.9996   -0.6282


cameraRtW2C(:,:,6) =

    0.9996   -0.0057    0.0274    1.0966
    0.0054    0.9999    0.0113    0.4273
   -0.0274   -0.0112    0.9996   -1.1150


cameraRtW2C(:,:,7) =

    0.9996   -0.0041    0.0277    1.5905
    0.0038    0.9999    0.0112    0.6352
   -0.0277   -0.0111    0.9996   -1.6042


cameraRtW2C(:,:,8) =

    0.9996   -0.0044    0.0287    2.0684
    0.0041    0.9999    0.0107    0.8423
   -0.0288   -0.0106    0.9995   -2.1162


cameraRtW2C(:,:,9) =

    0.9996   -0.0048    0.0282    2.5806
    0.0045    0.9999    0.0109    1.0370
   -0.0282   -0.0108    0.9995   -2.6179


cameraRtW2C(:,:,10) =

    0.9996   -0.0046    0.0289    3.0729
    0.0042    0.9999    0.0111    1.2353
   -0.0289   -0.0110    0.9995   -3.1009


cameraRtW2C(:,:,11) =

    0.9996   -0.0045    0.0292    3.5543
    0.0042    0.9999    0.0109    1.4352
   -0.0293   -0.0108    0.9995   -3.6270


cameraRtW2C(:,:,12) =

    0.9995   -0.0044    0.0297    4.0484
    0.0040    0.9999    0.0109    1.6357
   -0.0297   -0.0107    0.9995   -4.1192


cameraRtW2C(:,:,13) =

    0.9995   -0.0042    0.0303    4.5415
    0.0039    0.9999    0.0111    1.8351
   -0.0304   -0.0110    0.9995   -4.6072


cameraRtW2C(:,:,14) =

    0.9995   -0.0041    0.0310    5.0232
    0.0037    0.9999    0.0114    2.0273
   -0.0310   -0.0113    0.9995   -5.1188


cameraRtW2C(:,:,15) =

    0.9995   -0.0038    0.0311    5.5202
    0.0034    0.9999    0.0117    2.2231
   -0.0311   -0.0115    0.9994   -5.6164


error =

   2.7854e+03

./ba2D3DboxType1 6 10.000000 /tmp/tp4f250f5d_55e3_4790_8c8f_09bf70077661.txt /tmp/tp4f250f5d_55e3_4790_8c8f_09bf70077661.txt
Ba2D3D bundle adjuster in 2D and 3D. Writen by Jianxiong Xiao.
Usage: EXE mode(1,2,3,5) w3Dv2D input_file_name output_file_name
Parameters: mode=6 w3Dv2D=10	Meta Info: nCam=15 nPts=15000 nObs=15000 nObjects=0	Camera Intrinsic: fx=718.856 fy=718.856 px=607.193 py=185.216	
iter      cost      cost_change  |gradient|   |step|    tr_ratio  tr_radius  ls_iter  iter_time  total_time
   0  4.375909e+06    0.00e+00    3.07e+06   0.00e+00   0.00e+00  1.00e+04       0    2.21e+00    2.23e+00
   1  8.392089e+05    3.54e+06    2.88e+06   1.32e+02   8.16e-01  1.34e+04       1    2.32e+00    4.55e+00
   2  1.283957e+04    8.26e+05    1.18e+05   1.71e+01   9.98e-01  4.01e+04       1    2.29e+00    6.85e+00
   3  1.113287e+04    1.71e+03    5.82e+03   1.09e+01   9.92e-01  1.20e+05       1    2.27e+00    9.12e+00
   4  1.112113e+04    1.17e+01    1.98e+02   2.55e+00   9.99e-01  3.61e+05       1    2.27e+00    1.14e+01
   5  1.112110e+04    2.69e-02    2.46e+01   1.82e+00   9.74e-01  1.08e+06       1    2.28e+00    1.37e+01
   6  1.112110e+04   -1.14e-02    0.00e+00   4.25e+00  -7.82e-01  5.42e+05       1    5.99e-02    1.37e+01
Ceres Solver Report: Iterations: 6, Initial cost: 4.375909e+06, Final cost: 1.112110e+04, Termination: CONVERGENCE
15 15000 C vbalues0x7fffe3c7cda0 5

cameraRtW2C(:,:,1) =

    0.9971   -0.0343    0.0680   -2.8512
    0.0329    0.9992    0.0209   -1.1286
   -0.0686   -0.0186    0.9975    2.8581


cameraRtW2C(:,:,2) =

    0.9972   -0.0333    0.0671   -2.3379
    0.0320    0.9993    0.0209   -0.9266
   -0.0677   -0.0187    0.9975    2.3421


cameraRtW2C(:,:,3) =

    0.9971   -0.0337    0.0675   -1.8440
    0.0323    0.9992    0.0217   -0.7421
   -0.0682   -0.0195    0.9975    1.8332


cameraRtW2C(:,:,4) =

    0.9971   -0.0339    0.0687   -1.3648
    0.0324    0.9992    0.0221   -0.5510
   -0.0694   -0.0199    0.9974    1.3483


cameraRtW2C(:,:,5) =

    0.9972   -0.0341    0.0663   -0.8226
    0.0328    0.9992    0.0217   -0.3384
   -0.0670   -0.0195    0.9976    0.8564


cameraRtW2C(:,:,6) =

    0.9970   -0.0339    0.0699   -0.3847
    0.0325    0.9993    0.0210   -0.1293
   -0.0706   -0.0187    0.9973    0.3633


cameraRtW2C(:,:,7) =

    0.9971   -0.0339    0.0685    0.1410
    0.0323    0.9992    0.0237    0.0256
   -0.0693   -0.0214    0.9974   -0.1409


cameraRtW2C(:,:,8) =

    0.9970   -0.0340    0.0696    0.6202
    0.0327    0.9993    0.0208    0.2715
   -0.0703   -0.0184    0.9974   -0.6534


cameraRtW2C(:,:,9) =

    0.9971   -0.0346    0.0682    1.1493
    0.0331    0.9992    0.0222    0.4491
   -0.0689   -0.0199    0.9974   -1.1349


cameraRtW2C(:,:,10) =

    0.9970   -0.0343    0.0695    1.6183
    0.0330    0.9992    0.0205    0.6742
   -0.0701   -0.0181    0.9974   -1.6692


cameraRtW2C(:,:,11) =

    0.9969   -0.0341    0.0704    2.1159
    0.0326    0.9992    0.0217    0.8596
   -0.0710   -0.0194    0.9973   -2.1250


cameraRtW2C(:,:,12) =

    0.9969   -0.0343    0.0708    2.6024
    0.0329    0.9992    0.0212    1.0665
   -0.0715   -0.0188    0.9973   -2.6380


cameraRtW2C(:,:,13) =

    0.9969   -0.0343    0.0708    3.1096
    0.0328    0.9992    0.0220    1.2546
   -0.0715   -0.0196    0.9973   -3.1252


cameraRtW2C(:,:,14) =

    0.9969   -0.0344    0.0707    3.6019
    0.0330    0.9992    0.0219    1.4535
   -0.0714   -0.0195    0.9973   -3.6401


cameraRtW2C(:,:,15) =

    0.9969   -0.0347    0.0711    4.0932
    0.0332    0.9992    0.0218    1.6539
   -0.0718   -0.0193    0.9972   -4.1429


error =

   1.1631e+04

./ba2D3DboxType1 6 10.000000 /tmp/tpb3fefa09_0b16_4eb8_a3ab_241e1a987de5.txt /tmp/tpb3fefa09_0b16_4eb8_a3ab_241e1a987de5.txt
Ba2D3D bundle adjuster in 2D and 3D. Writen by Jianxiong Xiao.
Usage: EXE mode(1,2,3,5) w3Dv2D input_file_name output_file_name
Parameters: mode=6 w3Dv2D=10	Meta Info: nCam=15 nPts=15000 nObs=15000 nObjects=0	Camera Intrinsic: fx=718.856 fy=718.856 px=607.193 py=185.216	
iter      cost      cost_change  |gradient|   |step|    tr_ratio  tr_radius  ls_iter  iter_time  total_time
   0  4.158648e+06    0.00e+00    2.99e+06   0.00e+00   0.00e+00  1.00e+04       0    2.22e+00    2.25e+00
   1  7.995548e+05    3.36e+06    2.85e+06   1.37e+02   8.16e-01  1.34e+04       1    2.31e+00    4.55e+00
   2  1.251961e+04    7.87e+05    1.10e+05   1.55e+01   9.98e-01  4.01e+04       1    2.31e+00    6.86e+00
   3  1.095723e+04    1.56e+03    8.66e+02   4.20e+00   9.99e-01  1.20e+05       1    2.28e+00    9.14e+00
   4  1.095651e+04    7.21e-01    4.07e+01   1.14e+00   9.95e-01  3.61e+05       1    2.29e+00    1.14e+01
Ceres Solver Report: Iterations: 4, Initial cost: 4.158648e+06, Final cost: 1.095651e+04, Termination: CONVERGENCE
15 15000 C vbalues0x7fffcf022ef0 5

cameraRtW2C(:,:,1) =

    0.9951    0.0400    0.0907   -3.6477
   -0.0441    0.9980    0.0443   -1.4547
   -0.0887   -0.0481    0.9949    3.6573


cameraRtW2C(:,:,2) =

    0.9951    0.0396    0.0908   -3.1518
   -0.0438    0.9980    0.0456   -1.2762
   -0.0888   -0.0493    0.9948    3.1302


cameraRtW2C(:,:,3) =

    0.9949    0.0391    0.0931   -2.6851
   -0.0435    0.9980    0.0457   -1.0801
   -0.0911   -0.0495    0.9946    2.6684


cameraRtW2C(:,:,4) =

    0.9950    0.0400    0.0914   -2.1621
   -0.0442    0.9980    0.0447   -0.8633
   -0.0895   -0.0485    0.9948    2.1474


cameraRtW2C(:,:,5) =

    0.9949    0.0398    0.0931   -1.6859
   -0.0442    0.9980    0.0459   -0.6791
   -0.0910   -0.0498    0.9946    1.6758


cameraRtW2C(:,:,6) =

    0.9950    0.0398    0.0915   -1.1636
   -0.0441    0.9980    0.0458   -0.4822
   -0.0895   -0.0496    0.9948    1.1355


cameraRtW2C(:,:,7) =

    0.9951    0.0398    0.0908   -0.6513
   -0.0440    0.9980    0.0454   -0.2742
   -0.0888   -0.0492    0.9948    0.6517


cameraRtW2C(:,:,8) =

    0.9950    0.0398    0.0913   -0.1577
   -0.0441    0.9980    0.0450   -0.0660
   -0.0894   -0.0488    0.9948    0.1655


cameraRtW2C(:,:,9) =

    0.9950    0.0392    0.0920    0.3359
   -0.0436    0.9980    0.0455    0.1263
   -0.0900   -0.0493    0.9947   -0.3238


cameraRtW2C(:,:,10) =

    0.9949    0.0393    0.0926    0.8228
   -0.0436    0.9980    0.0456    0.3241
   -0.0906   -0.0494    0.9947   -0.8314


cameraRtW2C(:,:,11) =

    0.9949    0.0394    0.0923    1.3241
   -0.0437    0.9980    0.0454    0.5243
   -0.0904   -0.0492    0.9947   -1.3396


cameraRtW2C(:,:,12) =

    0.9951    0.0389    0.0913    1.8392
   -0.0432    0.9980    0.0463    0.7074
   -0.0893   -0.0500    0.9947   -1.8465


cameraRtW2C(:,:,13) =

    0.9949    0.0395    0.0927    2.3298
   -0.0439    0.9980    0.0453    0.9325
   -0.0907   -0.0491    0.9947   -2.3127


cameraRtW2C(:,:,14) =

    0.9949    0.0393    0.0925    2.8275
   -0.0437    0.9980    0.0458    1.1205
   -0.0905   -0.0496    0.9947   -2.8249


cameraRtW2C(:,:,15) =

    0.9950    0.0390    0.0922    3.3315
   -0.0433    0.9980    0.0457    1.3217
   -0.0902   -0.0495    0.9947   -3.3285


error =

   1.7844e+04

./ba2D3DboxType1 6 10.000000 /tmp/tpfbcf1629_6aa6_4593_84ea_e340c9bdefa5.txt /tmp/tpfbcf1629_6aa6_4593_84ea_e340c9bdefa5.txt
Ba2D3D bundle adjuster in 2D and 3D. Writen by Jianxiong Xiao.
Usage: EXE mode(1,2,3,5) w3Dv2D input_file_name output_file_name
Parameters: mode=6 w3Dv2D=10	Meta Info: nCam=15 nPts=15000 nObs=15000 nObjects=0	Camera Intrinsic: fx=718.856 fy=718.856 px=607.193 py=185.216	
iter      cost      cost_change  |gradient|   |step|    tr_ratio  tr_radius  ls_iter  iter_time  total_time
   0  4.225276e+06    0.00e+00    2.96e+06   0.00e+00   0.00e+00  1.00e+04       0    2.20e+00    2.22e+00
   1  8.590619e+05    3.37e+06    2.79e+06   7.89e+01   8.05e-01  1.29e+04       1    2.32e+00    4.54e+00
   2  1.256213e+04    8.46e+05    1.33e+05   1.68e+01   9.98e-01  3.88e+04       1    2.78e+00    7.33e+00
   3  1.113764e+04    1.42e+03    1.48e+04   1.54e+01   9.90e-01  1.16e+05       1    2.92e+00    1.02e+01
   4  1.112433e+04    1.33e+01    7.73e+01   3.11e+00   1.00e+00  3.49e+05       1    2.32e+00    1.26e+01
Ceres Solver Report: Iterations: 4, Initial cost: 4.225276e+06, Final cost: 1.112433e+04, Termination: CONVERGENCE
15 15000 C vbalues0x7fffb7af1d50 5

cameraRtW2C(:,:,1) =

    0.9997   -0.0021    0.0240   -1.1357
    0.0019    1.0000    0.0069   -0.4617
   -0.0241   -0.0069    0.9997    1.1641


cameraRtW2C(:,:,2) =

    0.9996   -0.0017    0.0268   -0.6853
    0.0015    1.0000    0.0090   -0.3004
   -0.0268   -0.0090    0.9996    0.6733


cameraRtW2C(:,:,3) =

    0.9997   -0.0021    0.0255   -0.1650
    0.0019    1.0000    0.0081   -0.0842
   -0.0255   -0.0080    0.9996    0.1478


cameraRtW2C(:,:,4) =

    0.9997   -0.0021    0.0251    0.3512
    0.0020    1.0000    0.0079    0.1242
   -0.0251   -0.0079    0.9997   -0.3074


cameraRtW2C(:,:,5) =

    0.9996   -0.0019    0.0279    0.7914
    0.0017    1.0000    0.0067    0.3439
   -0.0279   -0.0066    0.9996   -0.8418


cameraRtW2C(:,:,6) =

    0.9996   -0.0025    0.0266    1.3203
    0.0023    1.0000    0.0068    0.5405
   -0.0266   -0.0067    0.9996   -1.3299


cameraRtW2C(:,:,7) =

    0.9996   -0.0024    0.0267    1.8147
    0.0022    1.0000    0.0080    0.7175
   -0.0268   -0.0079    0.9996   -1.8451


cameraRtW2C(:,:,8) =

    0.9996   -0.0022    0.0278    2.2978
    0.0020    1.0000    0.0081    0.9183
   -0.0278   -0.0080    0.9996   -2.3345


cameraRtW2C(:,:,9) =

    0.9996   -0.0018    0.0270    2.8113
    0.0016    1.0000    0.0084    1.1118
   -0.0270   -0.0084    0.9996   -2.8355


cameraRtW2C(:,:,10) =

    0.9996   -0.0030    0.0269    3.3109
    0.0028    1.0000    0.0086    1.3070
   -0.0269   -0.0085    0.9996   -3.3464


cameraRtW2C(:,:,11) =

    0.9996   -0.0028    0.0288    3.7829
    0.0025    1.0000    0.0093    1.4975
   -0.0289   -0.0092    0.9995   -3.8189


cameraRtW2C(:,:,12) =

    0.9996   -0.0024    0.0279    4.2945
    0.0022    1.0000    0.0093    1.6946
   -0.0279   -0.0092    0.9996   -4.3365


cameraRtW2C(:,:,13) =

    0.9996   -0.0027    0.0287    4.7807
    0.0024    1.0000    0.0094    1.8923
   -0.0287   -0.0094    0.9995   -4.8311


cameraRtW2C(:,:,14) =

    0.9996   -0.0027    0.0289    5.2785
    0.0025    1.0000    0.0096    2.0903
   -0.0289   -0.0095    0.9995   -5.3294


cameraRtW2C(:,:,15) =

    0.9996   -0.0027    0.0287    5.7756
    0.0024    1.0000    0.0091    2.2959
   -0.0287   -0.0090    0.9995   -5.8413


error =

   2.3675e+03

./ba2D3DboxType1 6 10.000000 /tmp/tp2e275bfd_6b24_453f_a01d_9f7938dfae34.txt /tmp/tp2e275bfd_6b24_453f_a01d_9f7938dfae34.txt
Ba2D3D bundle adjuster in 2D and 3D. Writen by Jianxiong Xiao.
Usage: EXE mode(1,2,3,5) w3Dv2D input_file_name output_file_name
Parameters: mode=6 w3Dv2D=10	Meta Info: nCam=15 nPts=15000 nObs=15000 nObjects=0	Camera Intrinsic: fx=718.856 fy=718.856 px=607.193 py=185.216	
iter      cost      cost_change  |gradient|   |step|    tr_ratio  tr_radius  ls_iter  iter_time  total_time
   0  4.259714e+06    0.00e+00    3.06e+06   0.00e+00   0.00e+00  1.00e+04       0    2.33e+00    2.36e+00
   1  8.082600e+05    3.45e+06    2.82e+06   1.19e+02   8.18e-01  1.35e+04       1    2.47e+00    4.83e+00
   2  1.247041e+04    7.96e+05    1.22e+05   1.56e+01   9.98e-01  4.04e+04       1    2.29e+00    7.12e+00
   3  1.113416e+04    1.34e+03    7.83e+03   9.79e+00   9.96e-01  1.21e+05       1    2.30e+00    9.43e+00
   4  1.112998e+04    4.18e+00    1.47e+01   1.30e+00   1.00e+00  3.64e+05       1    2.35e+00    1.18e+01
Ceres Solver Report: Iterations: 4, Initial cost: 4.259714e+06, Final cost: 1.112998e+04, Termination: CONVERGENCE
15 15000 C vbalues0x7fff249f4000 5

cameraRtW2C(:,:,1) =

    0.9982    0.0071    0.0599   -2.5930
   -0.0090    0.9995    0.0310   -1.0834
   -0.0597   -0.0314    0.9977    2.6242


cameraRtW2C(:,:,2) =

    0.9982    0.0073    0.0588   -2.0750
   -0.0091    0.9995    0.0289   -0.8516
   -0.0586   -0.0294    0.9979    2.1206


cameraRtW2C(:,:,3) =

    0.9982    0.0076    0.0601   -1.5928
   -0.0093    0.9995    0.0289   -0.6496
   -0.0598   -0.0294    0.9978    1.6476


cameraRtW2C(:,:,4) =

    0.9983    0.0075    0.0586   -1.0706
   -0.0092    0.9996    0.0283   -0.4372
   -0.0584   -0.0287    0.9979    1.1051


cameraRtW2C(:,:,5) =

    0.9981    0.0073    0.0604   -0.5993
   -0.0090    0.9995    0.0287   -0.2428
   -0.0601   -0.0292    0.9978    0.6224


cameraRtW2C(:,:,6) =

    0.9981    0.0081    0.0606   -0.1075
   -0.0099    0.9995    0.0290   -0.0500
   -0.0603   -0.0295    0.9977    0.1135


cameraRtW2C(:,:,7) =

    0.9981    0.0075    0.0604    0.3892
   -0.0092    0.9995    0.0288    0.1518
   -0.0602   -0.0293    0.9978   -0.4106


cameraRtW2C(:,:,8) =

    0.9981    0.0079    0.0605    0.8951
   -0.0097    0.9995    0.0298    0.3368
   -0.0602   -0.0303    0.9977   -0.8837


cameraRtW2C(:,:,9) =

    0.9980    0.0075    0.0623    1.3636
   -0.0094    0.9995    0.0295    0.5414
   -0.0621   -0.0301    0.9976   -1.3753


cameraRtW2C(:,:,10) =

    0.9980    0.0087    0.0620    1.8606
   -0.0105    0.9995    0.0289    0.7519
   -0.0617   -0.0294    0.9977   -1.9045


cameraRtW2C(:,:,11) =

    0.9980    0.0087    0.0626    2.3540
   -0.0106    0.9995    0.0293    0.9447
   -0.0624   -0.0300    0.9976   -2.3813


cameraRtW2C(:,:,12) =

    0.9980    0.0084    0.0630    2.8558
   -0.0103    0.9995    0.0300    1.1364
   -0.0627   -0.0306    0.9976   -2.8640


cameraRtW2C(:,:,13) =

    0.9980    0.0079    0.0633    3.3440
   -0.0099    0.9995    0.0306    1.3240
   -0.0630   -0.0311    0.9975   -3.3731


cameraRtW2C(:,:,14) =

    0.9979    0.0079    0.0639    3.8448
   -0.0099    0.9995    0.0307    1.5263
   -0.0636   -0.0313    0.9975   -3.8510


cameraRtW2C(:,:,15) =

    0.9979    0.0084    0.0634    4.3414
   -0.0104    0.9995    0.0308    1.7204
   -0.0631   -0.0314    0.9975   -4.3726


error =

   9.5016e+03

./ba2D3DboxType1 6 10.000000 /tmp/tp26d9e654_1ef4_4da6_9f0d_a33cc40e5fcc.txt /tmp/tp26d9e654_1ef4_4da6_9f0d_a33cc40e5fcc.txt
Ba2D3D bundle adjuster in 2D and 3D. Writen by Jianxiong Xiao.
Usage: EXE mode(1,2,3,5) w3Dv2D input_file_name output_file_name
Parameters: mode=6 w3Dv2D=10	Meta Info: nCam=15 nPts=15000 nObs=15000 nObjects=0	Camera Intrinsic: fx=718.856 fy=718.856 px=607.193 py=185.216	
iter      cost      cost_change  |gradient|   |step|    tr_ratio  tr_radius  ls_iter  iter_time  total_time
   0  4.219239e+06    0.00e+00    3.05e+06   0.00e+00   0.00e+00  1.00e+04       0    2.30e+00    2.33e+00
   1  8.071257e+05    3.41e+06    2.75e+06   9.38e+01   8.17e-01  1.34e+04       1    2.52e+00    4.86e+00
   2  1.209955e+04    7.95e+05    1.08e+05   1.72e+01   9.99e-01  4.02e+04       1    2.27e+00    7.13e+00
   3  1.105654e+04    1.04e+03    7.48e+03   8.78e+00   9.96e-01  1.21e+05       1    2.29e+00    9.42e+00
   4  1.105295e+04    3.59e+00    1.86e+01   1.09e+00   1.00e+00  3.62e+05       1    2.28e+00    1.17e+01
Ceres Solver Report: Iterations: 4, Initial cost: 4.219239e+06, Final cost: 1.105295e+04, Termination: CONVERGENCE
15 15000 C vbalues0x7fff7e17afd0 5

cameraRtW2C(:,:,1) =

    0.9989    0.0028    0.0476   -2.0031
   -0.0040    0.9997    0.0241   -0.8312
   -0.0475   -0.0242    0.9986    1.9722


cameraRtW2C(:,:,2) =

    0.9988    0.0031    0.0479   -1.5053
   -0.0041    0.9998    0.0217   -0.5880
   -0.0478   -0.0219    0.9986    1.5230


cameraRtW2C(:,:,3) =

    0.9988    0.0017    0.0482   -1.0136
   -0.0027    0.9998    0.0219   -0.3920
   -0.0482   -0.0220    0.9986    1.0257


cameraRtW2C(:,:,4) =

    0.9989    0.0014    0.0469   -0.4900
   -0.0024    0.9997    0.0222   -0.2000
   -0.0469   -0.0223    0.9987    0.5175


cameraRtW2C(:,:,5) =

    0.9988    0.0016    0.0488   -0.0216
   -0.0027    0.9997    0.0226   -0.0020
   -0.0488   -0.0227    0.9986    0.0130


cameraRtW2C(:,:,6) =

    0.9988    0.0015    0.0488    0.4786
   -0.0026    0.9997    0.0225    0.1973
   -0.0488   -0.0226    0.9986   -0.4842


cameraRtW2C(:,:,7) =

    0.9988    0.0029    0.0481    0.9833
   -0.0039    0.9998    0.0204    0.4330
   -0.0480   -0.0206    0.9986   -1.0119


cameraRtW2C(:,:,8) =

    0.9989    0.0024    0.0465    1.5168
   -0.0034    0.9998    0.0215    0.6180
   -0.0464   -0.0216    0.9987   -1.4963


cameraRtW2C(:,:,9) =

    0.9988    0.0021    0.0483    1.9819
   -0.0032    0.9997    0.0230    0.7872
   -0.0482   -0.0231    0.9986   -1.9981


cameraRtW2C(:,:,10) =

    0.9988    0.0031    0.0483    2.4910
   -0.0042    0.9997    0.0226    0.9987
   -0.0482   -0.0228    0.9986   -2.4740


cameraRtW2C(:,:,11) =

    0.9988    0.0028    0.0481    2.9892
   -0.0039    0.9997    0.0229    1.1911
   -0.0480   -0.0231    0.9986   -2.9923


cameraRtW2C(:,:,12) =

    0.9988    0.0023    0.0481    3.4927
   -0.0034    0.9997    0.0223    1.4038
   -0.0481   -0.0224    0.9986   -3.4805


cameraRtW2C(:,:,13) =

    0.9988    0.0022    0.0488    3.9866
   -0.0033    0.9997    0.0223    1.6041
   -0.0487   -0.0224    0.9986   -3.9701


cameraRtW2C(:,:,14) =

    0.9988    0.0020    0.0490    4.4805
   -0.0031    0.9997    0.0223    1.8015
   -0.0489   -0.0225    0.9986   -4.4766


cameraRtW2C(:,:,15) =

    0.9988    0.0021    0.0485    4.9852
   -0.0031    0.9998    0.0218    2.0085
   -0.0484   -0.0220    0.9986   -4.9877


error =

   4.4586e+03

./ba2D3DboxType1 6 10.000000 /tmp/tp1381bda4_95cd_4bb9_b82e_97ab2d543dca.txt /tmp/tp1381bda4_95cd_4bb9_b82e_97ab2d543dca.txt
Ba2D3D bundle adjuster in 2D and 3D. Writen by Jianxiong Xiao.
Usage: EXE mode(1,2,3,5) w3Dv2D input_file_name output_file_name
Parameters: mode=6 w3Dv2D=10	Meta Info: nCam=15 nPts=15000 nObs=15000 nObjects=0	Camera Intrinsic: fx=718.856 fy=718.856 px=607.193 py=185.216	
iter      cost      cost_change  |gradient|   |step|    tr_ratio  tr_radius  ls_iter  iter_time  total_time
   0  4.272479e+06    0.00e+00    2.92e+06   0.00e+00   0.00e+00  1.00e+04       0    2.22e+00    2.25e+00
   1  8.647166e+05    3.41e+06    2.87e+06   9.10e+01   8.05e-01  1.30e+04       1    2.39e+00    4.64e+00
   2  1.275566e+04    8.52e+05    1.37e+05   2.04e+01   9.98e-01  3.89e+04       1    2.35e+00    6.99e+00
   3  1.118143e+04    1.57e+03    7.11e+03   1.09e+01   9.74e-01  1.17e+05       1    2.33e+00    9.32e+00
   4  1.114000e+04    4.14e+01    4.56e+02   2.69e+00   9.96e-01  3.50e+05       1    2.36e+00    1.17e+01
   5  1.113983e+04    1.77e-01    1.87e+00   1.95e-01   1.00e+00  1.05e+06       1    2.32e+00    1.40e+01
Ceres Solver Report: Iterations: 5, Initial cost: 4.272479e+06, Final cost: 1.113983e+04, Termination: CONVERGENCE
15 15000 C vbalues0x7fffb0f2e7e0 5

cameraRtW2C(:,:,1) =

    0.9979    0.0516    0.0392   -1.9176
   -0.0525    0.9984    0.0220   -0.8333
   -0.0380   -0.0240    0.9990    1.9269


cameraRtW2C(:,:,2) =

    0.9978    0.0522    0.0405   -1.4405
   -0.0530    0.9984    0.0196   -0.5852
   -0.0394   -0.0217    0.9990    1.4288


cameraRtW2C(:,:,3) =

    0.9977    0.0531    0.0415   -0.9596
   -0.0539    0.9984    0.0194   -0.3852
   -0.0404   -0.0216    0.9990    0.9084


cameraRtW2C(:,:,4) =

    0.9977    0.0527    0.0427   -0.4784
   -0.0536    0.9984    0.0199   -0.1900
   -0.0416   -0.0221    0.9989    0.4615


cameraRtW2C(:,:,5) =

    0.9978    0.0515    0.0416    0.0447
   -0.0523    0.9985    0.0189    0.0267
   -0.0405   -0.0210    0.9990   -0.0411


cameraRtW2C(:,:,6) =

    0.9978    0.0514    0.0416    0.5436
   -0.0522    0.9984    0.0195    0.2133
   -0.0405   -0.0216    0.9989   -0.5597


cameraRtW2C(:,:,7) =

    0.9977    0.0517    0.0428    1.0238
   -0.0526    0.9984    0.0187    0.4298
   -0.0418   -0.0209    0.9989   -1.0390


cameraRtW2C(:,:,8) =

    0.9977    0.0518    0.0429    1.5248
   -0.0527    0.9984    0.0188    0.6301
   -0.0419   -0.0210    0.9989   -1.5288


cameraRtW2C(:,:,9) =

    0.9977    0.0520    0.0426    2.0277
   -0.0529    0.9984    0.0186    0.8326
   -0.0416   -0.0208    0.9989   -2.0433


cameraRtW2C(:,:,10) =

    0.9977    0.0528    0.0417    2.5426
   -0.0537    0.9984    0.0191    1.0226
   -0.0406   -0.0213    0.9989   -2.5585


cameraRtW2C(:,:,11) =

    0.9978    0.0517    0.0409    3.0508
   -0.0525    0.9984    0.0190    1.2200
   -0.0399   -0.0212    0.9990   -3.0772


cameraRtW2C(:,:,12) =

    0.9978    0.0516    0.0421    3.5310
   -0.0525    0.9984    0.0194    1.4151
   -0.0410   -0.0215    0.9989   -3.5681


cameraRtW2C(:,:,13) =

    0.9977    0.0518    0.0428    4.0274
   -0.0527    0.9984    0.0197    1.6124
   -0.0417   -0.0219    0.9989   -4.0471


cameraRtW2C(:,:,14) =

    0.9977    0.0520    0.0429    4.5209
   -0.0528    0.9984    0.0193    1.8188
   -0.0418   -0.0215    0.9989   -4.5560


cameraRtW2C(:,:,15) =

    0.9977    0.0521    0.0427    5.0174
   -0.0530    0.9984    0.0189    2.0227
   -0.0416   -0.0211    0.9989   -5.0702


error =

   5.7577e+03

./ba2D3DboxType1 6 10.000000 /tmp/tpd9d7d8a7_e010_4781_9999_d9060c77cb08.txt /tmp/tpd9d7d8a7_e010_4781_9999_d9060c77cb08.txt
Ba2D3D bundle adjuster in 2D and 3D. Writen by Jianxiong Xiao.
Usage: EXE mode(1,2,3,5) w3Dv2D input_file_name output_file_name
Parameters: mode=6 w3Dv2D=10	Meta Info: nCam=15 nPts=15000 nObs=15000 nObjects=0	Camera Intrinsic: fx=718.856 fy=718.856 px=607.193 py=185.216	
iter      cost      cost_change  |gradient|   |step|    tr_ratio  tr_radius  ls_iter  iter_time  total_time
   0  4.260097e+06    0.00e+00    3.11e+06   0.00e+00   0.00e+00  1.00e+04       0    2.23e+00    2.25e+00
   1  7.895672e+05    3.47e+06    2.61e+06   7.69e+01   8.22e-01  1.37e+04       1    2.32e+00    4.57e+00
   2  1.204211e+04    7.78e+05    1.08e+05   1.73e+01   9.99e-01  4.10e+04       1    2.30e+00    6.86e+00
   3  1.103896e+04    1.00e+03    1.10e+04   1.58e+01   9.92e-01  1.23e+05       1    2.27e+00    9.14e+00
   4  1.103128e+04    7.68e+00    4.52e+01   2.15e+00   1.00e+00  3.69e+05       1    2.30e+00    1.14e+01
Ceres Solver Report: Iterations: 4, Initial cost: 4.260097e+06, Final cost: 1.103128e+04, Termination: CONVERGENCE
15 15000 C vbalues0x7fff599cdc80 5

cameraRtW2C(:,:,1) =

    0.9999    0.0036    0.0147   -0.9664
   -0.0037    1.0000    0.0026   -0.3665
   -0.0147   -0.0027    0.9999    0.9911


cameraRtW2C(:,:,2) =

    0.9999    0.0039    0.0137   -0.4503
   -0.0039    1.0000    0.0020   -0.1535
   -0.0137   -0.0021    0.9999    0.4543


cameraRtW2C(:,:,3) =

    0.9999    0.0034    0.0160    0.0074
   -0.0035    1.0000    0.0045   -0.0028
   -0.0159   -0.0045    0.9999   -0.0040


cameraRtW2C(:,:,4) =

    0.9999    0.0028    0.0144    0.5358
   -0.0029    1.0000    0.0046    0.1935
   -0.0144   -0.0046    0.9999   -0.5554


cameraRtW2C(:,:,5) =

    0.9999    0.0041    0.0155    1.0138
   -0.0042    1.0000    0.0023    0.4368
   -0.0155   -0.0024    0.9999   -1.0308


cameraRtW2C(:,:,6) =

    0.9999    0.0039    0.0163    1.5025
   -0.0040    1.0000    0.0051    0.5884
   -0.0163   -0.0051    0.9999   -1.5162


cameraRtW2C(:,:,7) =

    0.9999    0.0036    0.0153    2.0149
   -0.0037    1.0000    0.0046    0.7934
   -0.0153   -0.0047    0.9999   -2.0380


cameraRtW2C(:,:,8) =

    0.9998    0.0033    0.0171    2.4841
   -0.0033    1.0000    0.0045    0.9972
   -0.0171   -0.0045    0.9998   -2.5274


cameraRtW2C(:,:,9) =

    0.9999    0.0026    0.0160    3.0061
   -0.0027    1.0000    0.0043    1.1995
   -0.0160   -0.0044    0.9999   -3.0215


cameraRtW2C(:,:,10) =

    0.9999    0.0032    0.0157    3.5097
   -0.0033    1.0000    0.0045    1.3966
   -0.0157   -0.0045    0.9999   -3.5266


cameraRtW2C(:,:,11) =

    0.9999    0.0041    0.0165    3.9954
   -0.0042    1.0000    0.0043    1.6011
   -0.0165   -0.0044    0.9999   -4.0233


cameraRtW2C(:,:,12) =

    0.9998    0.0041    0.0169    4.4901
   -0.0042    1.0000    0.0043    1.8005
   -0.0169   -0.0044    0.9998   -4.5169


cameraRtW2C(:,:,13) =

    0.9998    0.0031    0.0179    4.9717
   -0.0031    1.0000    0.0052    1.9842
   -0.0179   -0.0052    0.9998   -5.0128


cameraRtW2C(:,:,14) =

    0.9998    0.0035    0.0177    5.4741
   -0.0036    1.0000    0.0052    2.1831
   -0.0177   -0.0053    0.9998   -5.5164


cameraRtW2C(:,:,15) =

    0.9998    0.0035    0.0180    5.9647
   -0.0036    1.0000    0.0052    2.3821
   -0.0180   -0.0053    0.9998   -6.0206


error =

   1.1924e+03

./ba2D3DboxType1 6 10.000000 /tmp/tp097c0351_63e4_4894_9c07_a6725c5b94bc.txt /tmp/tp097c0351_63e4_4894_9c07_a6725c5b94bc.txt
Ba2D3D bundle adjuster in 2D and 3D. Writen by Jianxiong Xiao.
Usage: EXE mode(1,2,3,5) w3Dv2D input_file_name output_file_name
Parameters: mode=6 w3Dv2D=10	Meta Info: nCam=15 nPts=15000 nObs=15000 nObjects=0	Camera Intrinsic: fx=718.856 fy=718.856 px=607.193 py=185.216	
iter      cost      cost_change  |gradient|   |step|    tr_ratio  tr_radius  ls_iter  iter_time  total_time
   0  4.201065e+06    0.00e+00    3.03e+06   0.00e+00   0.00e+00  1.00e+04       0    2.91e+00    2.94e+00
   1  8.859493e+05    3.32e+06    2.75e+06   1.07e+02   7.97e-01  1.27e+04       1    2.44e+00    5.38e+00
   2  1.241324e+04    8.74e+05    1.19e+05   1.70e+01   9.99e-01  3.80e+04       1    2.50e+00    7.88e+00
   3  1.110056e+04    1.31e+03    1.29e+04   1.71e+01   9.90e-01  1.14e+05       1    2.44e+00    1.03e+01
   4  1.108900e+04    1.16e+01    4.50e+01   3.02e+00   1.00e+00  3.42e+05       1    2.40e+00    1.27e+01
Ceres Solver Report: Iterations: 4, Initial cost: 4.201065e+06, Final cost: 1.108900e+04, Termination: CONVERGENCE
15 15000 C vbalues0x7fff40e43ad0 5

cameraRtW2C(:,:,1) =

    0.9989    0.0081    0.0460   -1.9587
   -0.0090    0.9997    0.0205   -0.7543
   -0.0458   -0.0209    0.9987    1.9608


cameraRtW2C(:,:,2) =

    0.9989    0.0073    0.0468   -1.4684
   -0.0083    0.9998    0.0199   -0.5452
   -0.0466   -0.0202    0.9987    1.4678


cameraRtW2C(:,:,3) =

    0.9989    0.0069    0.0458   -0.9519
   -0.0079    0.9998    0.0206   -0.3564
   -0.0456   -0.0210    0.9987    0.9648


cameraRtW2C(:,:,4) =

    0.9988    0.0070    0.0475   -0.4823
   -0.0079    0.9998    0.0200   -0.1484
   -0.0474   -0.0204    0.9987    0.4845


cameraRtW2C(:,:,5) =

    0.9989    0.0067    0.0468    0.0294
   -0.0076    0.9998    0.0206    0.0416
   -0.0466   -0.0209    0.9987   -0.0363


cameraRtW2C(:,:,6) =

    0.9989    0.0072    0.0465    0.5346
