for i=1:2
box_synthetic
end
./ba2D3DboxType1 2 10.000000 /tmp/tpa98ed6f1_7ede_42f9_be63_5bbbd0b4f354.txt /tmp/tpa98ed6f1_7ede_42f9_be63_5bbbd0b4f354.txt
Ba2D3D bundle adjuster in 2D and 3D. Writen by Jianxiong Xiao.
Usage: EXE mode(1,2,3,5) w3Dv2D input_file_name output_file_name
Parameters: mode=2 w3Dv2D=10	Meta Info: nCam=15 nPts=15000 nObs=15000 nObjects=0	Camera Intrinsic: fx=718.856 fy=718.856 px=607.193 py=185.216	
iter      cost      cost_change  |gradient|   |step|    tr_ratio  tr_radius  ls_iter  iter_time  total_time
   0  4.005880e+06    0.00e+00    2.79e+06   0.00e+00   0.00e+00  1.00e+04       0    9.54e-01    9.63e-01
   1  1.538950e+06    2.47e+06    4.58e+06   1.01e+02   6.17e-01  1.01e+04       1    1.01e+00    1.97e+00
^C^C./ba2D3DboxType1 2 10.000000 /tmp/tpa98ed6f1_7ede_42f9_be63_5bbbd0b4f354.txt /tmp/tpa98ed6f1_7ede_42f9_be63_5bbbd0b4f354.txt: Interrupt

cameraRtW2C(:,:,1) =

  1.0e+129 *

    0.0000    0.0000         0    0.0000
    0.0000    0.0000         0         0
   -1.1246    0.0000         0         0


cameraRtW2C(:,:,2) =

  1.0e+236 *

         0         0    0.0000   -0.0000
    0.0000    0.0000   -0.0000    0.0000
         0    0.0000    0.0000   -1.0853


cameraRtW2C(:,:,3) =

  1.0e+258 *

   -0.0000   -0.0000    0.0000   -0.0000
   -1.1675    0.0000   -0.0000    0.0000
   -0.0000   -0.0000    0.0000   -0.0000


cameraRtW2C(:,:,4) =

  1.0e+300 *

    0.0000   -0.0000    0.0000   -0.0000
    0.0000    0.0000   -0.0000   -5.2531
   -0.0000    0.0000   -0.0000    0.0000


cameraRtW2C(:,:,5) =

  1.0e+255 *

    0.0000    0.0000   -0.0000   -0.0000
   -0.0000    0.0000   -0.0000   -0.0000
   -0.0000   -8.6221   -0.0000    0.0000


cameraRtW2C(:,:,6) =

  1.0e+292 *

    0.0000    0.0000    0.0000    0.0000
    0.0000    0.0000   -0.0000   -0.0000
   -0.0000    0.0000    0.0000    7.1127


cameraRtW2C(:,:,7) =

  1.0e+301 *

   -0.0000    0.0000    7.8140    0.0000
    0.0000    0.0000   -0.0000   -0.0000
    0.0000   -0.0000    0.0000    0.0000


cameraRtW2C(:,:,8) =

  1.0e+283 *

    1.4966    0.0000   -0.0000   -0.0000
    0.0000   -0.0000   -0.0000    0.0000
   -0.0000    0.0000   -0.0000   -0.0000


cameraRtW2C(:,:,9) =

  1.0e+287 *

    0.0000   -0.0065    0.0000    5.2757
   -0.0000   -0.0000    0.0000   -0.0000
    0.0000    0.0000    0.0000   -0.0000


cameraRtW2C(:,:,10) =

  1.0e+222 *

   -0.0000   -1.3685   -0.0000   -0.0000
    0.0000    0.0000    0.0000   -0.0000
    0.0000    0.0000    0.0000   -0.0000


cameraRtW2C(:,:,11) =

  1.0e+200 *

    0.0000    0.0000   -0.0000   -0.0000
   -1.0961   -0.0000   -0.0000    0.0000
    0.0000   -0.0000    0.0000    0.0000


cameraRtW2C(:,:,12) =

  1.0e+289 *

    0.0000    0.0000    0.0000    0.0000
    0.0000   -4.9685   -0.0000   -0.0000
   -0.0000   -0.0000    0.0000    0.0000


cameraRtW2C(:,:,13) =

  1.0e+145 *

    0.0000    0.0000   -1.7725    0.0000
    0.0000   -0.0000    0.0000   -0.0000
    0.0000    0.0000   -0.0000   -0.0000


cameraRtW2C(:,:,14) =

   1.0e+66 *

    0.0000   -0.0000    0.0000    0.0000
   -0.0000    0.0000   -0.0000   -0.0000
    0.0000    1.1531    0.0000   -0.0000


cameraRtW2C(:,:,15) =

  1.0e+278 *

    0.0000   -1.7997    0.0000   -0.0000
   -0.0000    0.0000   -0.0000    0.0000
    0.0000    0.0000   -0.0000    0.0000


error =

   4.0647e+05

./ba2D3DboxType1 2 10.000000 /tmp/tpbc8b8bbc_8523_4187_b5cb_2f7f51fe7c4b.txt /tmp/tpbc8b8bbc_8523_4187_b5cb_2f7f51fe7c4b.txt

Ba2D3D bundle adjuster in 2D and 3D. Writen by Jianxiong Xiao.
Usage: EXE mode(1,2,3,5) w3Dv2D input_file_name output_file_name
Parameters: mode=2 w3Dv2D=10	Meta Info: nCam=15 nPts=15000 nObs=15000 nObjects=0	Camera Intrinsic: fx=718.856 fy=718.856 px=607.193 py=185.216	
iter      cost      cost_change  |gradient|   |step|    tr_ratio  tr_radius  ls_iter  iter_time  total_time
   0  4.109940e+06    0.00e+00    3.02e+06   0.00e+00   0.00e+00  1.00e+04       0    9.54e-01    9.63e-01
   1  1.097523e+06    3.01e+06    3.72e+06   1.02e+02   7.34e-01  1.11e+04       1    1.04e+00    2.01e+00
^C^C./ba2D3DboxType1 2 10.000000 /tmp/tpbc8b8bbc_8523_4187_b5cb_2f7f51fe7c4b.txt /tmp/tpbc8b8bbc_8523_4187_b5cb_2f7f51fe7c4b.txt: Interrupt

cameraRtW2C(:,:,1) =

  1.0e+129 *

    0.0000    0.0000         0    0.0000
    0.0000    0.0000         0         0
   -1.1246    0.0000         0         0


cameraRtW2C(:,:,2) =

   1.0e+53 *

         0         0    0.0000   -8.5475
    0.0000    0.0000    0.0000    0.0000
         0   -0.0000   -0.0000    0.0000


cameraRtW2C(:,:,3) =

  1.0e+238 *

    0.0000   -0.0000    0.0000    0.0000
   -0.0000    0.0000    0.0000    0.0000
    0.0000   -0.0000    0.0000    2.4450


cameraRtW2C(:,:,4) =

  1.0e+278 *

    0.0000   -0.0000   -0.0000   -0.0000
    5.5838    0.0000   -0.0000    0.0000
   -0.0000    0.0000   -0.0000   -0.0000


cameraRtW2C(:,:,5) =

  1.0e+303 *

    0.0000   -6.3342   -0.0000   -0.0000
    0.0000   -0.0000   -0.0000    0.0000
   -0.0000    0.0000   -0.0000   -0.0000


cameraRtW2C(:,:,6) =

  1.0e+291 *

    0.0000    0.0000   -5.9308   -0.0000
    0.0000    0.0000   -0.0000   -0.0000
    0.0000   -0.0000   -0.0000   -0.0000


cameraRtW2C(:,:,7) =

  1.0e+246 *

    0.0000    2.8256       NaN   -0.0000
   -0.0000    0.0000    0.0000   -0.0000
   -0.0000   -0.0000   -0.0000   -0.0000


cameraRtW2C(:,:,8) =

  1.0e+298 *

   -0.0000   -1.2614   -0.0000   -0.0000
   -0.0000    0.0000    0.0000   -0.0000
   -0.0000   -0.0000   -0.0000    0.0000


cameraRtW2C(:,:,9) =

  1.0e+250 *

    0.0000   -0.0000   -0.0000    0.0000
   -0.0000   -0.0000    0.0000   -0.0000
   -0.0000   -0.0000    4.7877   -0.0000


cameraRtW2C(:,:,10) =

  1.0e+287 *

    0.0000   -0.0000    0.0000   -0.0000
    0.0000    0.0000   -0.0000    0.0000
   -5.6422    0.0000    0.0000    0.0000


cameraRtW2C(:,:,11) =

  1.0e+287 *

   -0.0000    0.0000    0.0000    0.0000
   -0.0000    0.0000   -0.0000   -0.0000
   -0.0000    0.0000    1.2963    0.0000


cameraRtW2C(:,:,12) =

  1.0e+289 *

   -0.0000    0.0000    0.0000   -9.2573
    0.0000    0.0000    0.0000    0.0455
    0.0000    0.0000   -0.0000    0.0000


cameraRtW2C(:,:,13) =

  1.0e+255 *

    0.0000    0.0000   -0.0000    0.0000
    0.0000   -0.0000    0.0000    1.6819
   -0.0000    0.0000   -6.7553    0.0000


cameraRtW2C(:,:,14) =

  1.0e+304 *

    0.0000   -0.0000   -0.0000   -0.0000
    0.0000   -0.0000   -0.0000    8.1969
    0.0000    0.0000    0.0000    0.0000


cameraRtW2C(:,:,15) =

  1.0e+202 *

    0.0000    0.0000   -0.0000   -0.0000
   -0.0000   -0.0000    3.4145   -0.0000
   -0.0000    0.0000   -0.0000    0.0000


error =

  9.4348e+291

Final
{Cannot find an exact (case-sensitive) match for 'Final'

The closest match is: FInal in /home/prateek/git/constrained_BA/FInal.m

} 
FInal
./ba2D3DboxType1 7 10.000000 /tmp/tpb19e2a40_0af6_47d0_a83a_1d34e1c03f5a.txt /tmp/tpb19e2a40_0af6_47d0_a83a_1d34e1c03f5a.txt

Ba2D3D bundle adjuster in 2D and 3D. Writen by Jianxiong Xiao.
Usage: EXE mode(1,2,3,5) w3Dv2D input_file_name output_file_name
Parameters: mode=7 w3Dv2D=10	Meta Info: nCam=15 nPts=15000 nObs=15000 nObjects=0	Camera Intrinsic: fx=718.856 fy=718.856 px=607.193 py=185.216	
iter      cost      cost_change  |gradient|   |step|    tr_ratio  tr_radius  ls_iter  iter_time  total_time
   0  1.871163e+07    0.00e+00    4.71e+06   0.00e+00   0.00e+00  1.00e+04       0    1.18e+02    1.19e+02
   1  9.901469e+05    1.77e+07    3.23e+06   7.11e+01   9.51e-01  3.00e+04       1    1.22e+02    2.41e+02
   2  4.767869e+04    9.42e+05    1.38e+05   2.15e+01   9.87e-01  9.00e+04       1    1.18e+02    3.59e+02
   3  3.377852e+04    1.39e+04    1.68e+04   1.53e+01   9.62e-01  2.70e+05       1    1.18e+02    4.77e+02
   4  3.315819e+04    6.20e+02    4.47e+02   4.28e+00   9.66e-01  8.10e+05       1    1.18e+02    5.95e+02
   5  3.314863e+04    9.56e+00    4.72e+01   5.30e-01   1.01e+00  2.43e+06       1    1.18e+02    7.13e+02
   6  3.314832e+04    3.03e-01    1.17e+01   1.14e-01   9.59e-01  7.29e+06       1    1.18e+02    8.31e+02
Ceres Solver Report: Iterations: 6, Initial cost: 1.871163e+07, Final cost: 3.314832e+04, Termination: CONVERGENCE
15 15000 C vbalues0x7ffff6f17720 -0.00023414

cameraRtW2C(:,:,1) =

    0.9991   -0.0057   -0.0411    0.6769
    0.0060    1.0000    0.0054   -0.5002
    0.0411   -0.0056    0.9991    1.2189


cameraRtW2C(:,:,2) =

    0.9992   -0.0052   -0.0406    1.1620
    0.0054    1.0000    0.0053   -0.3004
    0.0405   -0.0056    0.9992    0.7271


cameraRtW2C(:,:,3) =

    0.9981    0.0069    0.0620   -0.2440
   -0.0073    1.0000    0.0054   -0.0955
   -0.0619   -0.0058    0.9981    0.3005


cameraRtW2C(:,:,4) =

    0.9980    0.0062    0.0632    0.2273
   -0.0067    1.0000    0.0073    0.0680
   -0.0632   -0.0077    0.9980   -0.2287


cameraRtW2C(:,:,5) =

    0.9979    0.0069    0.0638    0.7158
   -0.0075    0.9999    0.0097    0.2224
   -0.0637   -0.0101    0.9979   -0.7160


cameraRtW2C(:,:,6) =

    0.9980    0.0066    0.0635    1.2098
   -0.0073    0.9999    0.0110    0.3941
   -0.0634   -0.0115    0.9979   -1.2560


cameraRtW2C(:,:,7) =

    0.9980    0.0068    0.0632    1.7089
   -0.0077    0.9999    0.0139    0.5368
   -0.0631   -0.0143    0.9979   -1.7517


cameraRtW2C(:,:,8) =

    0.9980    0.0065    0.0626    2.2175
   -0.0076    0.9998    0.0177    0.6665
   -0.0624   -0.0181    0.9979   -2.2389


cameraRtW2C(:,:,9) =

    0.9979    0.0071    0.0642    2.6837
   -0.0083    0.9998    0.0192    0.8385
   -0.0640   -0.0197    0.9978   -2.7231


cameraRtW2C(:,:,10) =

    0.9979    0.0073    0.0648    3.1629
   -0.0088    0.9997    0.0228    0.9687
   -0.0646   -0.0233    0.9976   -3.2223


cameraRtW2C(:,:,11) =

    0.9979    0.0072    0.0647    3.6602
   -0.0090    0.9996    0.0267    1.0936
   -0.0645   -0.0273    0.9975   -3.7090


cameraRtW2C(:,:,12) =

    0.9978    0.0073    0.0653    4.1414
   -0.0092    0.9995    0.0295    1.2427
   -0.0650   -0.0300    0.9974   -4.2000


cameraRtW2C(:,:,13) =

    0.9978    0.0072    0.0655    4.6417
   -0.0094    0.9994    0.0345    1.3517
   -0.0652   -0.0351    0.9973   -4.6679


cameraRtW2C(:,:,14) =

    0.9977    0.0070    0.0669    5.1234
   -0.0097    0.9992    0.0396    1.4630
   -0.0666   -0.0402    0.9970   -5.1218


cameraRtW2C(:,:,15) =

    0.9977    0.0071    0.0676    5.6250
   -0.0101    0.9990    0.0443    1.5843
   -0.0672   -0.0448    0.9967   -5.5774


error =

   1.1367e+03

./ba2D3DboxType1 7 10.000000 /tmp/tpe367085e_ced8_4767_9c46_f1c858a00b96.txt /tmp/tpe367085e_ced8_4767_9c46_f1c858a00b96.txt
Ba2D3D bundle adjuster in 2D and 3D. Writen by Jianxiong Xiao.
Usage: EXE mode(1,2,3,5) w3Dv2D input_file_name output_file_name
Parameters: mode=7 w3Dv2D=10	Meta Info: nCam=15 nPts=15000 nObs=15000 nObjects=0	Camera Intrinsic: fx=718.856 fy=718.856 px=607.193 py=185.216	
iter      cost      cost_change  |gradient|   |step|    tr_ratio  tr_radius  ls_iter  iter_time  total_time
   0  2.025547e+07    0.00e+00    4.68e+06   0.00e+00   0.00e+00  1.00e+04       0    1.24e+02    1.25e+02
   1  9.624316e+05    1.93e+07    3.16e+06   8.02e+01   9.56e-01  3.00e+04       1    1.22e+02    2.46e+02
   2  4.878282e+04    9.14e+05    1.44e+05   2.25e+01   9.88e-01  9.00e+04       1    1.22e+02    3.68e+02
   3  3.613119e+04    1.27e+04    1.57e+04   1.61e+01   9.84e-01  2.70e+05       1    1.31e+02    4.99e+02
   4  3.569213e+04    4.39e+02    2.99e+02   3.59e+00   1.01e+00  8.10e+05       1    1.23e+02    6.22e+02
   5  3.568253e+04    9.59e+00    6.73e+01   5.11e-01   1.06e+00  2.43e+06       1    1.18e+02    7.40e+02
   6  3.568217e+04    3.61e-01    1.49e+01   1.09e-01   1.03e+00  7.29e+06       1    1.18e+02    8.59e+02
Ceres Solver Report: Iterations: 6, Initial cost: 2.025547e+07, Final cost: 3.568217e+04, Termination: CONVERGENCE
15 15000 C vbalues0x7fffd4b6e880 0.000556234

cameraRtW2C(:,:,1) =

    0.9987   -0.0095   -0.0491    0.8112
    0.0096    1.0000    0.0022   -0.4513
    0.0491   -0.0027    0.9988    1.5402


cameraRtW2C(:,:,2) =

    0.9990   -0.0080   -0.0438    1.2131
    0.0082    1.0000    0.0054   -0.3088
    0.0437   -0.0058    0.9990    1.0777


cameraRtW2C(:,:,3) =

    0.9980   -0.0013    0.0624   -0.2139
    0.0009    1.0000    0.0072   -0.1386
   -0.0625   -0.0071    0.9980    0.6569


cameraRtW2C(:,:,4) =

    0.9980   -0.0016    0.0627    0.2792
    0.0011    1.0000    0.0094    0.0217
   -0.0627   -0.0094    0.9980    0.1600


cameraRtW2C(:,:,5) =

    0.9980   -0.0018    0.0632    0.7575
    0.0012    1.0000    0.0097    0.2085
   -0.0633   -0.0097    0.9980   -0.3976


cameraRtW2C(:,:,6) =

    0.9980   -0.0011    0.0625    1.2651
    0.0003    0.9999    0.0133    0.3450
   -0.0625   -0.0133    0.9980   -0.8870


cameraRtW2C(:,:,7) =

    0.9980   -0.0015    0.0628    1.7458
    0.0006    0.9999    0.0146    0.5153
   -0.0628   -0.0145    0.9979   -1.4214


cameraRtW2C(:,:,8) =

    0.9980   -0.0015    0.0627    2.2509
    0.0004    0.9999    0.0165    0.6831
   -0.0628   -0.0165    0.9979   -1.8885


cameraRtW2C(:,:,9) =

    0.9980   -0.0013    0.0634    2.7295
    0.0000    0.9998    0.0204    0.8104
   -0.0634   -0.0203    0.9978   -2.3851


cameraRtW2C(:,:,10) =

    0.9979   -0.0014    0.0641    3.2062
   -0.0001    0.9997    0.0234    0.9504
   -0.0641   -0.0234    0.9977   -2.8933


cameraRtW2C(:,:,11) =

    0.9979   -0.0016    0.0642    3.6913
   -0.0001    0.9997    0.0261    1.0972
   -0.0642   -0.0260    0.9976   -3.4012


cameraRtW2C(:,:,12) =

    0.9979   -0.0015    0.0649    4.1780
   -0.0005    0.9995    0.0307    1.2155
   -0.0649   -0.0307    0.9974   -3.8668


cameraRtW2C(:,:,13) =

    0.9979   -0.0023    0.0654    4.6681
   -0.0001    0.9994    0.0357    1.3248
   -0.0655   -0.0357    0.9972   -4.3390


cameraRtW2C(:,:,14) =

    0.9978   -0.0021    0.0666    5.1495
   -0.0005    0.9992    0.0403    1.4437
   -0.0667   -0.0402    0.9970   -4.8058


cameraRtW2C(:,:,15) =

    0.9977   -0.0024    0.0678    5.6487
   -0.0006    0.9990    0.0451    1.5673
   -0.0678   -0.0450    0.9967   -5.2447


error =

   1.3989e+04

./ba2D3DboxType1 7 10.000000 /tmp/tpfded6577_96f9_49ea_b38c_0fb7208328f3.txt /tmp/tpfded6577_96f9_49ea_b38c_0fb7208328f3.txt
Ba2D3D bundle adjuster in 2D and 3D. Writen by Jianxiong Xiao.
Usage: EXE mode(1,2,3,5) w3Dv2D input_file_name output_file_name
Parameters: mode=7 w3Dv2D=10	Meta Info: nCam=15 nPts=15000 nObs=15000 nObjects=0	Camera Intrinsic: fx=718.856 fy=718.856 px=607.193 py=185.216	
iter      cost      cost_change  |gradient|   |step|    tr_ratio  tr_radius  ls_iter  iter_time  total_time
   0  1.993344e+07    0.00e+00    4.65e+06   0.00e+00   0.00e+00  1.00e+04       0    1.17e+02    1.18e+02
   1  9.911384e+05    1.89e+07    3.31e+06   8.11e+01   9.54e-01  3.00e+04       1    1.25e+02    2.43e+02
   2  4.948655e+04    9.42e+05    1.63e+05   2.28e+01   9.88e-01  9.00e+04       1    1.20e+02    3.63e+02
   3  3.575441e+04    1.37e+04    1.94e+04   1.49e+01   9.49e-01  2.70e+05       1    1.17e+02    4.80e+02
   4  3.498062e+04    7.74e+02    9.32e+02   5.13e+00   8.89e-01  5.11e+05       1    1.17e+02    5.97e+02
   5  3.497145e+04    9.17e+00    5.15e+01   4.86e-01   1.04e+00  1.53e+06       1    1.17e+02    7.15e+02
   6  3.497121e+04    2.37e-01    1.08e+01   9.10e-02   1.01e+00  4.60e+06       1    1.19e+02    8.33e+02
Ceres Solver Report: Iterations: 6, Initial cost: 1.993344e+07, Final cost: 3.497121e+04, Termination: CONVERGENCE
15 15000 C vbalues0x7fff8f93c870 -0.000562603

cameraRtW2C(:,:,1) =

    0.9990   -0.0017   -0.0452    0.7328
    0.0011    0.9999   -0.0123   -0.1785
    0.0452    0.0122    0.9989    1.5801


cameraRtW2C(:,:,2) =

    0.9992   -0.0017   -0.0400    1.1381
    0.0014    1.0000   -0.0088   -0.0410
    0.0401    0.0088    0.9992    1.1017


cameraRtW2C(:,:,3) =

    0.9971    0.0023    0.0766   -0.4744
   -0.0016    1.0000   -0.0088    0.1605
   -0.0766    0.0087    0.9970    0.7042


cameraRtW2C(:,:,4) =

    0.9970    0.0019    0.0773    0.0111
   -0.0013    1.0000   -0.0082    0.3470
   -0.0773    0.0081    0.9970    0.1840


cameraRtW2C(:,:,5) =

    0.9970    0.0028    0.0772    0.5067
   -0.0023    1.0000   -0.0059    0.5037
   -0.0772    0.0057    0.9970   -0.3234


cameraRtW2C(:,:,6) =

    0.9970    0.0024    0.0777    0.9838
   -0.0022    1.0000   -0.0019    0.6266
   -0.0777    0.0017    0.9970   -0.8642


cameraRtW2C(:,:,7) =

    0.9970    0.0028    0.0779    1.4794
   -0.0029    1.0000    0.0001    0.7875
   -0.0779   -0.0003    0.9970   -1.3504


cameraRtW2C(:,:,8) =

    0.9970    0.0028    0.0773    1.9863
   -0.0031    1.0000    0.0047    0.9053
   -0.0773   -0.0049    0.9970   -1.8296


cameraRtW2C(:,:,9) =

    0.9969    0.0026    0.0783    2.4533
   -0.0031    1.0000    0.0069    1.0605
   -0.0783   -0.0071    0.9969   -2.3560


cameraRtW2C(:,:,10) =

    0.9969    0.0023    0.0783    2.9418
   -0.0032    0.9999    0.0103    1.1948
   -0.0783   -0.0105    0.9969   -2.8554


cameraRtW2C(:,:,11) =

    0.9969    0.0028    0.0789    3.4315
   -0.0040    0.9999    0.0148    1.3145
   -0.0788   -0.0151    0.9968   -3.3258


cameraRtW2C(:,:,12) =

    0.9968    0.0025    0.0797    3.9106
   -0.0039    0.9998    0.0184    1.4452
   -0.0796   -0.0187    0.9967   -3.8107


cameraRtW2C(:,:,13) =

    0.9968    0.0026    0.0799    4.3921
   -0.0044    0.9997    0.0229    1.5609
   -0.0798   -0.0232    0.9965   -4.3072


cameraRtW2C(:,:,14) =

    0.9967    0.0019    0.0815    4.8892
   -0.0042    0.9996    0.0283    1.6745
   -0.0814   -0.0285    0.9963   -4.7303


cameraRtW2C(:,:,15) =

    0.9966    0.0019    0.0825    5.3783
   -0.0046    0.9994    0.0330    1.7915
   -0.0824   -0.0332    0.9960   -5.1913


error =

   1.9612e+03

./ba2D3DboxType1 7 10.000000 /tmp/tp12f9359b_ace4_40ea_911c_e4f5a05dd18c.txt /tmp/tp12f9359b_ace4_40ea_911c_e4f5a05dd18c.txt
Ba2D3D bundle adjuster in 2D and 3D. Writen by Jianxiong Xiao.
Usage: EXE mode(1,2,3,5) w3Dv2D input_file_name output_file_name
Parameters: mode=7 w3Dv2D=10	Meta Info: nCam=15 nPts=15000 nObs=15000 nObjects=0	Camera Intrinsic: fx=718.856 fy=718.856 px=607.193 py=185.216	
iter      cost      cost_change  |gradient|   |step|    tr_ratio  tr_radius  ls_iter  iter_time  total_time
   0  1.966001e+07    0.00e+00    4.62e+06   0.00e+00   0.00e+00  1.00e+04       0    1.17e+02    1.18e+02
   1  1.011844e+06    1.86e+07    3.35e+06   7.95e+01   9.52e-01  3.00e+04       1    1.18e+02    2.36e+02
   2  5.051512e+04    9.61e+05    1.52e+05   2.29e+01   9.87e-01  9.00e+04       1    1.18e+02    3.53e+02
   3  3.553494e+04    1.50e+04    1.93e+04   1.59e+01   9.54e-01  2.70e+05       1    1.18e+02    4.71e+02
   4  3.476125e+04    7.74e+02    7.02e+02   5.19e+00   9.00e-01  5.53e+05       1    1.17e+02    5.88e+02
   5  3.475183e+04    9.42e+00    4.96e+01   5.05e-01   1.05e+00  1.66e+06       1    1.20e+02    7.08e+02
   6  3.475157e+04    2.66e-01    1.25e+01   1.03e-01   1.00e+00  4.97e+06       1    1.18e+02    8.25e+02
Ceres Solver Report: Iterations: 6, Initial cost: 1.966001e+07, Final cost: 3.475157e+04, Termination: CONVERGENCE
15 15000 C vbalues0x7fff339e3460 0.000200952

cameraRtW2C(:,:,1) =

    0.9985    0.0101   -0.0538    0.8207
   -0.0105    0.9999   -0.0075   -0.2617
    0.0537    0.0081    0.9985    1.4539


cameraRtW2C(:,:,2) =

    0.9987    0.0100   -0.0496    1.2342
   -0.0103    0.9999   -0.0068   -0.0783
    0.0495    0.0073    0.9987    0.8939


cameraRtW2C(:,:,3) =

    0.9981    0.0179    0.0587   -0.2363
   -0.0177    0.9998   -0.0039    0.0732
   -0.0587    0.0029    0.9983    0.5011


cameraRtW2C(:,:,4) =

    0.9981    0.0180    0.0587    0.2587
   -0.0177    0.9998   -0.0047    0.2888
   -0.0588    0.0037    0.9983    0.0046


cameraRtW2C(:,:,5) =

    0.9981    0.0185    0.0586    0.7575
   -0.0184    0.9998   -0.0017    0.4282
   -0.0586    0.0006    0.9983   -0.5012


cameraRtW2C(:,:,6) =

    0.9981    0.0182    0.0590    1.2385
   -0.0182    0.9998    0.0004    0.5869
   -0.0590   -0.0015    0.9983   -1.0232


cameraRtW2C(:,:,7) =

    0.9981    0.0179    0.0593    1.7295
   -0.0181    0.9998    0.0023    0.7530
   -0.0592   -0.0034    0.9982   -1.5181


cameraRtW2C(:,:,8) =

    0.9981    0.0181    0.0591    2.2214
   -0.0184    0.9998    0.0050    0.8995
   -0.0590   -0.0061    0.9982   -2.0301


cameraRtW2C(:,:,9) =

    0.9981    0.0182    0.0594    2.7151
   -0.0187    0.9998    0.0082    1.0415
   -0.0592   -0.0093    0.9982   -2.5053


cameraRtW2C(:,:,10) =

    0.9981    0.0178    0.0594    3.2041
   -0.0184    0.9998    0.0106    1.1925
   -0.0592   -0.0116    0.9982   -3.0123


cameraRtW2C(:,:,11) =

    0.9980    0.0179    0.0601    3.6922
   -0.0189    0.9997    0.0155    1.3068
   -0.0598   -0.0166    0.9981   -3.4770


cameraRtW2C(:,:,12) =

    0.9980    0.0184    0.0612    4.1564
   -0.0196    0.9996    0.0194    1.4301
   -0.0609   -0.0205    0.9979   -3.9862


cameraRtW2C(:,:,13) =

    0.9979    0.0180    0.0617    4.6491
   -0.0195    0.9996    0.0226    1.5720
   -0.0613   -0.0238    0.9978   -4.4582


cameraRtW2C(:,:,14) =

    0.9979    0.0177    0.0623    5.1508
   -0.0195    0.9994    0.0271    1.6956
   -0.0618   -0.0283    0.9977   -4.9102


cameraRtW2C(:,:,15) =

    0.9978    0.0177    0.0635    5.6400
   -0.0197    0.9993    0.0316    1.8181
   -0.0629   -0.0328    0.9975   -5.3670


error =

   4.8595e+03

./ba2D3DboxType1 7 10.000000 /tmp/tpac00a615_21cf_4791_9a7e_d7ea71b11eba.txt /tmp/tpac00a615_21cf_4791_9a7e_d7ea71b11eba.txt
Ba2D3D bundle adjuster in 2D and 3D. Writen by Jianxiong Xiao.
Usage: EXE mode(1,2,3,5) w3Dv2D input_file_name output_file_name
Parameters: mode=7 w3Dv2D=10	Meta Info: nCam=15 nPts=15000 nObs=15000 nObjects=0	Camera Intrinsic: fx=718.856 fy=718.856 px=607.193 py=185.216	
iter      cost      cost_change  |gradient|   |step|    tr_ratio  tr_radius  ls_iter  iter_time  total_time
   0  1.974543e+07    0.00e+00    4.68e+06   0.00e+00   0.00e+00  1.00e+04       0    1.20e+02    1.21e+02
   1  9.620574e+05    1.88e+07    3.27e+06   7.61e+01   9.55e-01  3.00e+04       1    1.25e+02    2.45e+02
   2  4.649836e+04    9.16e+05    1.54e+05   2.39e+01   9.89e-01  9.00e+04       1    1.18e+02    3.63e+02
   3  3.465631e+04    1.18e+04    1.51e+04   1.51e+01   9.73e-01  2.70e+05       1    1.24e+02    4.87e+02
   4  3.433997e+04    3.16e+02    2.98e+02   3.01e+00   9.62e-01  8.10e+05       1    1.25e+02    6.12e+02
   5  3.433488e+04    5.09e+00    5.98e+01   4.52e-01   9.85e-01  2.43e+06       1    1.21e+02    7.33e+02
   6  3.433471e+04    1.71e-01    4.58e+00   8.80e-02   9.14e-01  5.60e+06       1    1.18e+02    8.52e+02
Ceres Solver Report: Iterations: 6, Initial cost: 1.974543e+07, Final cost: 3.433471e+04, Termination: CONVERGENCE
15 15000 C vbalues0x7fff600ac730 0.000576163

cameraRtW2C(:,:,1) =

    0.9986    0.0138   -0.0516    0.6918
   -0.0137    0.9999    0.0012   -0.4512
    0.0516   -0.0005    0.9987    1.3142


cameraRtW2C(:,:,2) =

    0.9989    0.0138   -0.0457    1.0785
   -0.0137    0.9999    0.0024   -0.2779
    0.0457   -0.0017    0.9990    0.8150


cameraRtW2C(:,:,3) =

    0.9975    0.0244    0.0669   -0.5111
   -0.0245    0.9997    0.0015   -0.0518
   -0.0668   -0.0031    0.9978    0.4174


cameraRtW2C(:,:,4) =

    0.9975    0.0239    0.0672   -0.0194
   -0.0242    0.9997    0.0038    0.0979
   -0.0670   -0.0054    0.9977   -0.0898


cameraRtW2C(:,:,5) =

    0.9974    0.0240    0.0673    0.4680
   -0.0246    0.9997    0.0081    0.2215
   -0.0671   -0.0097    0.9977   -0.6275


cameraRtW2C(:,:,6) =

    0.9974    0.0244    0.0671    0.9634
   -0.0251    0.9996    0.0092    0.3957
   -0.0668   -0.0109    0.9977   -1.1470


cameraRtW2C(:,:,7) =

    0.9975    0.0236    0.0670    1.4623
   -0.0244    0.9996    0.0111    0.5582
   -0.0667   -0.0127    0.9977   -1.6361


cameraRtW2C(:,:,8) =

    0.9975    0.0241    0.0668    1.9549
   -0.0251    0.9996    0.0151    0.6819
   -0.0664   -0.0168    0.9977   -2.1377


cameraRtW2C(:,:,9) =

    0.9974    0.0240    0.0675    2.4339
   -0.0253    0.9995    0.0185    0.8191
   -0.0671   -0.0201    0.9975   -2.6354


cameraRtW2C(:,:,10) =

    0.9974    0.0240    0.0680    2.9192
   -0.0254    0.9995    0.0207    0.9733
   -0.0675   -0.0223    0.9975   -3.1213


cameraRtW2C(:,:,11) =

    0.9974    0.0237    0.0681    3.4058
   -0.0255    0.9994    0.0252    1.0876
   -0.0675   -0.0268    0.9974   -3.6212


cameraRtW2C(:,:,12) =

    0.9974    0.0237    0.0686    3.8934
   -0.0257    0.9993    0.0281    1.2312
   -0.0679   -0.0298    0.9972   -4.0996


cameraRtW2C(:,:,13) =

    0.9973    0.0237    0.0694    4.3867
   -0.0260    0.9991    0.0332    1.3411
   -0.0685   -0.0349    0.9970   -4.5503


cameraRtW2C(:,:,14) =

    0.9973    0.0234    0.0701    4.8687
   -0.0261    0.9990    0.0372    1.4671
   -0.0692   -0.0389    0.9968   -5.0266


cameraRtW2C(:,:,15) =

    0.9972    0.0229    0.0711    5.3664
   -0.0260    0.9988    0.0423    1.5787
   -0.0700   -0.0441    0.9966   -5.4737


error =

   1.3526e+04

./ba2D3DboxType1 7 10.000000 /tmp/tpa5806ccf_1d40_48c7_8bb4_7a70523e483f.txt /tmp/tpa5806ccf_1d40_48c7_8bb4_7a70523e483f.txt
Ba2D3D bundle adjuster in 2D and 3D. Writen by Jianxiong Xiao.
Usage: EXE mode(1,2,3,5) w3Dv2D input_file_name output_file_name
Parameters: mode=7 w3Dv2D=10	Meta Info: nCam=15 nPts=15000 nObs=15000 nObjects=0	Camera Intrinsic: fx=718.856 fy=718.856 px=607.193 py=185.216	
iter      cost      cost_change  |gradient|   |step|    tr_ratio  tr_radius  ls_iter  iter_time  total_time
   0  1.927874e+07    0.00e+00    4.65e+06   0.00e+00   0.00e+00  1.00e+04       0    1.21e+02    1.22e+02
   1  1.017787e+06    1.83e+07    3.32e+06   7.56e+01   9.51e-01  3.00e+04       1    1.18e+02    2.40e+02
   2  4.878544e+04    9.69e+05    1.68e+05   2.19e+01   9.87e-01  9.00e+04       1    1.17e+02    3.57e+02
   3  3.485888e+04    1.39e+04    1.87e+04   1.57e+01   9.51e-01  2.70e+05       1    1.18e+02    4.75e+02
   4  3.432527e+04    5.34e+02    3.91e+02   4.25e+00   9.14e-01  6.25e+05       1    1.17e+02    5.92e+02
   5  3.431601e+04    9.26e+00    4.71e+01   5.86e-01   9.66e-01  1.87e+06       1    1.21e+02    7.13e+02
   6  3.431566e+04    3.54e-01    1.19e+01   1.34e-01   8.83e-01  3.40e+06       1    1.18e+02    8.31e+02
Ceres Solver Report: Iterations: 6, Initial cost: 1.927874e+07, Final cost: 3.431566e+04, Termination: CONVERGENCE
15 15000 C vbalues0x7fff7de778c0 -3.69186e-05

cameraRtW2C(:,:,1) =

    0.9995   -0.0103   -0.0307    0.4615
    0.0101    0.9999   -0.0082   -0.2554
    0.0308    0.0079    0.9995    1.3865


cameraRtW2C(:,:,2) =

    0.9997   -0.0110   -0.0240    0.8350
    0.0109    0.9999   -0.0071   -0.0757
    0.0241    0.0068    0.9997    0.8976


cameraRtW2C(:,:,3) =

    0.9969   -0.0025    0.0792   -0.5492
    0.0029    1.0000   -0.0049    0.0847
   -0.0792    0.0052    0.9968    0.4745


cameraRtW2C(:,:,4) =

    0.9970   -0.0023    0.0774   -0.0217
    0.0025    1.0000   -0.0027    0.2465
   -0.0774    0.0029    0.9970   -0.0046


cameraRtW2C(:,:,5) =

    0.9969   -0.0023    0.0789    0.4475
    0.0023    1.0000   -0.0002    0.3967
   -0.0789    0.0004    0.9969   -0.5378


cameraRtW2C(:,:,6) =

    0.9969   -0.0026    0.0788    0.9453
    0.0025    1.0000    0.0013    0.5670
   -0.0788   -0.0011    0.9969   -1.0177


cameraRtW2C(:,:,7) =

    0.9969   -0.0025    0.0782    1.4424
    0.0022    1.0000    0.0038    0.7146
   -0.0782   -0.0037    0.9969   -1.5671


cameraRtW2C(:,:,8) =

    0.9968   -0.0022    0.0795    1.9096
    0.0017    1.0000    0.0065    0.8631
   -0.0796   -0.0063    0.9968   -2.0651


cameraRtW2C(:,:,9) =

    0.9969   -0.0025    0.0784    2.4343
    0.0017    0.9999    0.0100    1.0038
   -0.0784   -0.0098    0.9969   -2.5198


cameraRtW2C(:,:,10) =

    0.9968   -0.0025    0.0796    2.9034
    0.0015    0.9999    0.0131    1.1412
   -0.0796   -0.0129    0.9967   -3.0262


cameraRtW2C(:,:,11) =

    0.9968   -0.0024    0.0804    3.3842
    0.0011    0.9999    0.0165    1.2779
   -0.0804   -0.0164    0.9966   -3.5088


cameraRtW2C(:,:,12) =

    0.9968   -0.0031    0.0804    3.8877
    0.0013    0.9998    0.0222    1.3779
   -0.0805   -0.0220    0.9965   -3.9750


cameraRtW2C(:,:,13) =

    0.9967   -0.0030    0.0817    4.3543
    0.0010    0.9997    0.0253    1.5163
   -0.0817   -0.0252    0.9963   -4.4694


cameraRtW2C(:,:,14) =

    0.9966   -0.0038    0.0821    4.8591
    0.0013    0.9995    0.0300    1.6361
   -0.0822   -0.0298    0.9962   -4.9203


cameraRtW2C(:,:,15) =

    0.9965   -0.0041    0.0833    5.3471
    0.0012    0.9994    0.0351    1.7492
   -0.0834   -0.0349    0.9959   -5.3797


error =

   1.2798e+04

./ba2D3DboxType1 7 10.000000 /tmp/tp44cbd9f1_0682_48b8_a3f9_b2e0d057fc4e.txt /tmp/tp44cbd9f1_0682_48b8_a3f9_b2e0d057fc4e.txt
Ba2D3D bundle adjuster in 2D and 3D. Writen by Jianxiong Xiao.
Usage: EXE mode(1,2,3,5) w3Dv2D input_file_name output_file_name
Parameters: mode=7 w3Dv2D=10	Meta Info: nCam=15 nPts=15000 nObs=15000 nObjects=0	Camera Intrinsic: fx=718.856 fy=718.856 px=607.193 py=185.216	
iter      cost      cost_change  |gradient|   |step|    tr_ratio  tr_radius  ls_iter  iter_time  total_time
   0  1.975368e+07    0.00e+00    4.72e+06   0.00e+00   0.00e+00  1.00e+04       0    1.18e+02    1.19e+02
   1  9.580250e+05    1.88e+07    3.22e+06   7.87e+01   9.55e-01  3.00e+04       1    1.19e+02    2.39e+02
   2  4.329414e+04    9.15e+05    1.58e+05   2.36e+01   9.90e-01  9.00e+04       1    1.19e+02    3.58e+02
   3  3.360219e+04    9.69e+03    1.02e+04   1.45e+01   9.64e-01  2.70e+05       1    1.19e+02    4.77e+02
   4  3.346247e+04    1.40e+02    1.15e+02   1.91e+00   9.87e-01  8.10e+05       1    1.23e+02    5.99e+02
   5  3.345955e+04    2.92e+00    6.27e+01   4.01e-01   9.28e-01  2.16e+06       1    1.21e+02    7.21e+02
   6  3.345942e+04    1.22e-01    6.58e+00   8.16e-02   8.33e-01  3.08e+06       1    1.36e+02    8.56e+02
Ceres Solver Report: Iterations: 6, Initial cost: 1.975368e+07, Final cost: 3.345942e+04, Termination: CONVERGENCE
15 15000 C vbalues0x7ffff3076cd0 0.000505614

cameraRtW2C(:,:,1) =

    0.9993    0.0072   -0.0361    0.5374
   -0.0077    0.9999   -0.0144   -0.1375
    0.0360    0.0146    0.9992    1.4937


cameraRtW2C(:,:,2) =

    0.9995    0.0080   -0.0320    0.9622
   -0.0083    0.9999   -0.0109    0.0004
    0.0319    0.0112    0.9994    0.9810


cameraRtW2C(:,:,3) =

    0.9968    0.0159    0.0783   -0.5467
   -0.0152    0.9998   -0.0103    0.1932
   -0.0785    0.0090    0.9969    0.5708


cameraRtW2C(:,:,4) =

    0.9968    0.0160    0.0777   -0.0380
   -0.0153    0.9998   -0.0093    0.3721
   -0.0779    0.0081    0.9969    0.0847


cameraRtW2C(:,:,5) =

    0.9968    0.0163    0.0779    0.4505
   -0.0158    0.9999   -0.0067    0.5221
   -0.0780    0.0055    0.9969   -0.4453


cameraRtW2C(:,:,6) =

    0.9969    0.0162    0.0775    0.9462
   -0.0159    0.9999   -0.0050    0.6880
   -0.0776    0.0038    0.9970   -0.9721


cameraRtW2C(:,:,7) =

    0.9968    0.0160    0.0784    1.4264
   -0.0160    0.9999   -0.0005    0.8065
   -0.0784   -0.0007    0.9969   -1.4603


cameraRtW2C(:,:,8) =

    0.9968    0.0159    0.0785    1.9232
   -0.0160    0.9999    0.0004    0.9890
   -0.0785   -0.0016    0.9969   -1.9321


cameraRtW2C(:,:,9) =

    0.9968    0.0158    0.0780    2.4266
   -0.0162    0.9999    0.0038    1.1240
   -0.0779   -0.0051    0.9969   -2.4273


cameraRtW2C(:,:,10) =

    0.9968    0.0159    0.0786    2.9053
   -0.0165    0.9998    0.0073    1.2582
   -0.0785   -0.0085    0.9969   -2.9299


cameraRtW2C(:,:,11) =

    0.9968    0.0162    0.0785    3.3978
   -0.0172    0.9998    0.0114    1.3814
   -0.0783   -0.0127    0.9969   -3.4250


cameraRtW2C(:,:,12) =

    0.9967    0.0157    0.0797    3.8655
   -0.0170    0.9997    0.0153    1.5069
   -0.0795   -0.0166    0.9967   -3.9116


cameraRtW2C(:,:,13) =

    0.9966    0.0155    0.0804    4.3503
   -0.0172    0.9996    0.0202    1.6182
   -0.0801   -0.0215    0.9966   -4.3893


cameraRtW2C(:,:,14) =

    0.9966    0.0150    0.0809    4.8547
   -0.0170    0.9995    0.0248    1.7406
   -0.0805   -0.0261    0.9964   -4.8367


cameraRtW2C(:,:,15) =

    0.9965    0.0146    0.0819    5.3528
   -0.0171    0.9994    0.0296    1.8619
   -0.0814   -0.0309    0.9962   -5.2864


error =

  934.3187

./ba2D3DboxType1 7 10.000000 /tmp/tpabf86923_d491_40a1_b0c8_2a951a22addb.txt /tmp/tpabf86923_d491_40a1_b0c8_2a951a22addb.txt
Ba2D3D bundle adjuster in 2D and 3D. Writen by Jianxiong Xiao.
Usage: EXE mode(1,2,3,5) w3Dv2D input_file_name output_file_name
Parameters: mode=7 w3Dv2D=10	Meta Info: nCam=15 nPts=15000 nObs=15000 nObjects=0	Camera Intrinsic: fx=718.856 fy=718.856 px=607.193 py=185.216	
iter      cost      cost_change  |gradient|   |step|    tr_ratio  tr_radius  ls_iter  iter_time  total_time
   0  2.010131e+07    0.00e+00    4.68e+06   0.00e+00   0.00e+00  1.00e+04       0    1.18e+02    1.20e+02
   1  9.855517e+05    1.91e+07    3.19e+06   7.84e+01   9.55e-01  3.00e+04       1    1.23e+02    2.43e+02
   2  5.461000e+04    9.31e+05    1.72e+05   2.55e+01   9.87e-01  9.00e+04       1    1.39e+02    3.82e+02
   3  4.009949e+04    1.45e+04    1.84e+04   1.70e+01   9.77e-01  2.70e+05       1    1.20e+02    5.02e+02
   4  3.969344e+04    4.06e+02    2.96e+02   3.49e+00   9.71e-01  8.10e+05       1    1.20e+02    6.22e+02
   5  3.968549e+04    7.95e+00    6.94e+01   5.42e-01   1.03e+00  2.43e+06       1    1.17e+02    7.40e+02
   6  3.968522e+04    2.74e-01    7.30e+00   9.98e-02   9.97e-01  7.29e+06       1    1.18e+02    8.58e+02
Ceres Solver Report: Iterations: 6, Initial cost: 2.010131e+07, Final cost: 3.968522e+04, Termination: CONVERGENCE
15 15000 C vbalues0x7fffda23f830 0.000363736

cameraRtW2C(:,:,1) =

    0.9968    0.0389   -0.0699    1.2127
   -0.0407    0.9989   -0.0239    0.0740
    0.0689    0.0267    0.9973    1.4381


cameraRtW2C(:,:,2) =

    0.9971    0.0404   -0.0641    1.5963
   -0.0419    0.9989   -0.0221    0.2427
    0.0631    0.0247    0.9977    0.8987


cameraRtW2C(:,:,3) =

    0.9957    0.0558    0.0740   -0.4235
   -0.0544    0.9983   -0.0199    0.4080
   -0.0750    0.0158    0.9971    0.5370


cameraRtW2C(:,:,4) =

    0.9958    0.0554    0.0732    0.0845
   -0.0544    0.9984   -0.0162    0.5404
   -0.0740    0.0122    0.9972    0.0131


cameraRtW2C(:,:,5) =

    0.9957    0.0557    0.0737    0.5682
   -0.0548    0.9984   -0.0144    0.7022
   -0.0744    0.0103    0.9972   -0.5141


cameraRtW2C(:,:,6) =

    0.9957    0.0561    0.0731    1.0757
   -0.0554    0.9984   -0.0116    0.8512
   -0.0736    0.0075    0.9973   -0.9895


cameraRtW2C(:,:,7) =

    0.9957    0.0564    0.0736    1.5539
   -0.0560    0.9984   -0.0078    0.9786
   -0.0739    0.0036    0.9973   -1.5238


cameraRtW2C(:,:,8) =

    0.9957    0.0562    0.0740    2.0326
   -0.0559    0.9984   -0.0055    1.1285
   -0.0742    0.0013    0.9972   -2.0444


cameraRtW2C(:,:,9) =

    0.9957    0.0563    0.0736    2.5347
   -0.0564    0.9984   -0.0019    1.2644
   -0.0736   -0.0022    0.9973   -2.5221


cameraRtW2C(:,:,10) =

    0.9956    0.0563    0.0745    3.0102
   -0.0567    0.9984    0.0028    1.3744
   -0.0742   -0.0071    0.9972   -3.0118


cameraRtW2C(:,:,11) =

    0.9956    0.0559    0.0745    3.4881
   -0.0566    0.9984    0.0073    1.4865
   -0.0740   -0.0115    0.9972   -3.5287


cameraRtW2C(:,:,12) =

    0.9955    0.0563    0.0757    3.9571
   -0.0575    0.9983    0.0132    1.5777
   -0.0748   -0.0174    0.9970   -4.0128


cameraRtW2C(:,:,13) =

    0.9955    0.0558    0.0764    4.4494
   -0.0574    0.9982    0.0191    1.6722
   -0.0752   -0.0234    0.9969   -4.4638


cameraRtW2C(:,:,14) =

    0.9955    0.0550    0.0773    4.9473
   -0.0571    0.9980    0.0257    1.7583
   -0.0758   -0.0300    0.9967   -4.9004


cameraRtW2C(:,:,15) =

    0.9954    0.0546    0.0789    5.4528
   -0.0573    0.9978    0.0331    1.8394
   -0.0769   -0.0374    0.9963   -5.3096


error =

   5.7647e+03

./ba2D3DboxType1 7 10.000000 /tmp/tp4cb07210_c696_4445_b856_d4ab4f2c87a2.txt /tmp/tp4cb07210_c696_4445_b856_d4ab4f2c87a2.txt
Ba2D3D bundle adjuster in 2D and 3D. Writen by Jianxiong Xiao.
Usage: EXE mode(1,2,3,5) w3Dv2D input_file_name output_file_name
Parameters: mode=7 w3Dv2D=10	Meta Info: nCam=15 nPts=15000 nObs=15000 nObjects=0	Camera Intrinsic: fx=718.856 fy=718.856 px=607.193 py=185.216	
iter      cost      cost_change  |gradient|   |step|    tr_ratio  tr_radius  ls_iter  iter_time  total_time
   0  1.955435e+07    0.00e+00    4.66e+06   0.00e+00   0.00e+00  1.00e+04       0    1.17e+02    1.18e+02
   1  9.812220e+05    1.86e+07    3.33e+06   7.57e+01   9.54e-01  3.00e+04       1    1.18e+02    2.36e+02
   2  4.740382e+04    9.34e+05    1.85e+05   2.34e+01   9.89e-01  9.00e+04       1    1.20e+02    3.56e+02
   3  3.604387e+04    1.14e+04    1.57e+04   1.51e+01   9.59e-01  2.70e+05       1    1.22e+02    4.78e+02
   4  3.584582e+04    1.98e+02    1.73e+02   2.41e+00   9.68e-01  8.10e+05       1    1.17e+02    5.95e+02
   5  3.584161e+04    4.20e+00    4.52e+01   4.68e-01   9.38e-01  2.43e+06       1    1.25e+02    7.20e+02
   6  3.584142e+04    1.90e-01    5.22e+00   1.02e-01   8.71e-01  4.11e+06       1    1.19e+02    8.39e+02
Ceres Solver Report: Iterations: 6, Initial cost: 1.955435e+07, Final cost: 3.584142e+04, Termination: CONVERGENCE
15 15000 C vbalues0x7fff93ecbdf0 -0.00057437

cameraRtW2C(:,:,1) =

    0.9976   -0.0407   -0.0566    0.8874
    0.0399    0.9991   -0.0139   -0.1859
    0.0571    0.0116    0.9983    1.3161


cameraRtW2C(:,:,2) =

    0.9979   -0.0406   -0.0500    1.2594
    0.0399    0.9991   -0.0145    0.0223
    0.0505    0.0125    0.9986    0.8062


cameraRtW2C(:,:,3) =

    0.9970   -0.0341    0.0693   -0.4321
    0.0348    0.9993   -0.0100    0.1438
   -0.0689    0.0124    0.9975    0.4455


cameraRtW2C(:,:,4) =

    0.9970   -0.0338    0.0692    0.0615
    0.0344    0.9994   -0.0075    0.2966
   -0.0689    0.0098    0.9976   -0.0983


cameraRtW2C(:,:,5) =

    0.9970   -0.0342    0.0695    0.5468
    0.0347    0.9994   -0.0055    0.4554
   -0.0693    0.0079    0.9976   -0.6060


cameraRtW2C(:,:,6) =

    0.9970   -0.0341    0.0699    1.0436
    0.0345    0.9994   -0.0034    0.6193
   -0.0698    0.0058    0.9975   -1.0648


cameraRtW2C(:,:,7) =

    0.9971   -0.0337    0.0688    1.5510
    0.0339    0.9994   -0.0006    0.7620
   -0.0687    0.0030    0.9976   -1.5916


cameraRtW2C(:,:,8) =

    0.9970   -0.0341    0.0690    2.0351
    0.0340    0.9994    0.0023    0.9037
   -0.0691    0.0000    0.9976   -2.1066


cameraRtW2C(:,:,9) =

    0.9970   -0.0339    0.0693    2.5213
    0.0335    0.9994    0.0060    1.0371
   -0.0695   -0.0036    0.9976   -2.5930


cameraRtW2C(:,:,10) =

    0.9970   -0.0341    0.0701    3.0057
    0.0335    0.9994    0.0097    1.1643
   -0.0703   -0.0073    0.9975   -3.0777


cameraRtW2C(:,:,11) =

    0.9969   -0.0335    0.0708    3.4693
    0.0326    0.9994    0.0136    1.2850
   -0.0712   -0.0113    0.9974   -3.6002


cameraRtW2C(:,:,12) =

    0.9969   -0.0338    0.0710    3.9728
    0.0325    0.9993    0.0192    1.3869
   -0.0716   -0.0169    0.9973   -4.0452


cameraRtW2C(:,:,13) =

    0.9968   -0.0340    0.0718    4.4593
    0.0323    0.9992    0.0251    1.4814
   -0.0726   -0.0227    0.9971   -4.5141


cameraRtW2C(:,:,14) =

    0.9968   -0.0342    0.0729    4.9543
    0.0321    0.9990    0.0300    1.5973
   -0.0738   -0.0275    0.9969   -4.9527


cameraRtW2C(:,:,15) =

    0.9967   -0.0343    0.0741    5.4510
    0.0317    0.9988    0.0360    1.6963
   -0.0752   -0.0335    0.9966   -5.3935


error =

   8.3926e+03

./ba2D3DboxType1 7 10.000000 /tmp/tpc0be4e56_9c4d_412a_afda_07c8605f4e52.txt /tmp/tpc0be4e56_9c4d_412a_afda_07c8605f4e52.txt
Ba2D3D bundle adjuster in 2D and 3D. Writen by Jianxiong Xiao.
Usage: EXE mode(1,2,3,5) w3Dv2D input_file_name output_file_name
